ZONE I=5, J=5
0 0 1 8.07275e-09 12 1 0 0 
0.025 0 1 2.46598e-09 11.7 1 0 0 
0.05 0 1 -6.2506e-10 11.4 1 0 0 
0.075 0 1 -1.20035e-09 11.1 1 0 0 
0.1 0 1 7.40104e-10 10.8 1 0 0 
0 0.025 1 3.16318e-09 12 1 0 0 
0.025 0.025 1 7.52801e-10 11.7 1 0 0 
0.05 0.025 1 -5.35465e-10 11.4 1 0 0 
0.075 0.025 1 -7.01615e-10 11.1 1 0 0 
0.1 0.025 1 2.54348e-10 10.8 1 0 0 
0 0.05 1 -1.74639e-09 12 1 0 0 
0.025 0.05 1 -9.60374e-10 11.7 1 0 0 
0.05 0.05 1 -4.45871e-10 11.4 1 0 0 
0.075 0.05 1 -2.02881e-10 11.1 1 0 0 
0.1 0.05 1 -2.31405e-10 10.8 1 0 0 
0 0.075 1 -6.65596e-09 12 1 0 0 
0.025 0.075 1 -2.67355e-09 11.7 1 0 0 
0.05 0.075 1 -3.56278e-10 11.4 1 0 0 
0.075 0.075 1 2.95851e-10 11.1 1 0 0 
0.1 0.075 1 -7.17158e-10 10.8 1 0 0 
0 0.1 1 -1.15655e-08 12 1 0 0 
0.025 0.1 1 -4.38673e-09 11.7 1 0 0 
0.05 0.1 1 -2.66686e-10 11.4 1 0 0 
0.075 0.1 1 7.94587e-10 11.1 1 0 0 
0.1 0.1 1 -1.20292e-09 10.8 1 0 0 
ZONE I=5, J=5
0.1 0 1 7.40094e-10 10.8 1 0 0 
0.125 0 1 2.30152e-10 10.5 1 0 0 
0.15 0 1 -5.26038e-11 10.2 1 0 0 
0.175 0 1 -1.08138e-10 9.9 1 0 0 
0.2 0 1 6.35249e-11 9.6 1 0 0 
0.1 0.025 1 2.54348e-10 10.8 1 0 0 
0.125 0.025 1 3.54567e-11 10.5 1 0 0 
0.15 0.025 1 -8.0289e-11 10.2 1 0 0 
0.175 0.025 1 -9.28798e-11 9.9 1 0 0 
0.2 0.025 1 -2.33058e-12 9.6 1 0 0 
0.1 0.05 1 -2.31405e-10 10.8 1 0 0 
0.125 0.05 1 -1.59235e-10 10.5 1 0 0 
0.15 0.05 1 -1.07978e-10 10.2 1 0 0 
0.175 0.05 1 -7.76274e-11 9.9 1 0 0 
0.2 0.05 1 -6.81872e-11 9.6 1 0 0 
0.1 0.075 1 -7.17158e-10 10.8 1 0 0 
0.125 0.075 1 -3.53927e-10 10.5 1 0 0 
0.15 0.075 1 -1.35666e-10 10.2 1 0 0 
0.175 0.075 1 -6.23691e-11 9.9 1 0 0 
0.2 0.075 1 -1.34044e-10 9.6 1 0 0 
0.1 0.1 1 -1.20292e-09 10.8 1 0 0 
0.125 0.1 1 -5.48622e-10 10.5 1 0 0 
0.15 0.1 1 -1.63359e-10 10.2 1 0 0 
0.175 0.1 1 -4.7109e-11 9.9 1 0 0 
0.2 0.1 1 -1.99899e-10 9.6 1 0 0 
ZONE I=5, J=5
0.2 0 1 6.35237e-11 9.6 1 0 0 
0.225 0 1 1.90628e-11 9.3 1 0 0 
0.25 0 1 -5.55881e-12 9 1 0 0 
0.275 0 1 -1.0323e-11 8.7 1 0 0 
0.3 0 1 4.77485e-12 8.4 1 0 0 
0.2 0.025 1 -2.33058e-12 9.6 1 0 0 
0.225 0.025 1 -1.80655e-11 9.3 1 0 0 
0.25 0.025 1 -2.52408e-11 9 1 0 0 
0.275 0.025 1 -2.38483e-11 8.7 1 0 0 
0.3 0.025 1 -1.39006e-11 8.4 1 0 0 
0.2 0.05 1 -6.81872e-11 9.6 1 0 0 
0.225 0.05 1 -5.51892e-11 9.3 1 0 0 
0.25 0.05 1 -4.49205e-11 9 1 0 0 
0.275 0.05 1 -3.73808e-11 8.7 1 0 0 
0.3 0.05 1 -3.25748e-11 8.4 1 0 0 
0.2 0.075 1 -1.34044e-10 9.6 1 0 0 
0.225 0.075 1 -9.23116e-11 9.3 1 0 0 
0.25 0.075 1 -6.46025e-11 9 1 0 0 
0.275 0.075 1 -5.09151e-11 8.7 1 0 0 
0.3 0.075 1 -5.12491e-11 8.4 1 0 0 
0.2 0.1 1 -1.99899e-10 9.6 1 0 0 
0.225 0.1 1 -1.29436e-10 9.3 1 0 0 
0.25 0.1 1 -8.42893e-11 9 1 0 0 
0.275 0.1 1 -6.44462e-11 8.7 1 0 0 
0.3 0.1 1 -6.99269e-11 8.4 1 0 0 
ZONE I=5, J=5
0.3 0 1 4.77485e-12 8.4 1 0 0 
0.325 0 1 1.08047e-12 8.1 1 0 0 
0.35 0 1 -9.28443e-13 7.8 1 0 0 
0.375 0 1 -1.247e-12 7.5 1 0 0 
0.4 0 1 1.16055e-13 7.2 1 0 0 
0.3 0.025 1 -1.39006e-11 8.4 1 0 0 
0.325 0.025 1 -1.35701e-11 8.1 1 0 0 
0.35 0.025 1 -1.27282e-11 7.8 1 0 0 
0.375 0.025 1 -1.13774e-11 7.5 1 0 0 
0.4 0.025 1 -9.5118e-12 7.2 1 0 0 
0.3 0.05 1 -3.25748e-11 8.4 1 0 0 
0.325 0.05 1 -2.82208e-11 8.1 1 0 0 
0.35 0.05 1 -2.45303e-11 7.8 1 0 0 
0.375 0.05 1 -2.15031e-11 7.5 1 0 0 
0.4 0.05 1 -1.91385e-11 7.2 1 0 0 
0.3 0.075 1 -5.12491e-11 8.4 1 0 0 
0.325 0.075 1 -4.28739e-11 8.1 1 0 0 
0.35 0.075 1 -3.63324e-11 7.8 1 0 0 
0.375 0.075 1 -3.16316e-11 7.5 1 0 0 
0.4 0.075 1 -2.87651e-11 7.2 1 0 0 
0.3 0.1 1 -6.99269e-11 8.4 1 0 0 
0.325 0.1 1 -5.75258e-11 8.1 1 0 0 
0.35 0.1 1 -4.81345e-11 7.8 1 0 0 
0.375 0.1 1 -4.17574e-11 7.5 1 0 0 
0.4 0.1 1 -3.8393e-11 7.2 1 0 0 
ZONE I=5, J=5
0.4 0 1 1.12503e-13 7.2 1 0 0 
0.425 0 1 -1.5099e-13 6.9 1 0 0 
0.45 0 1 -2.77112e-13 6.6 1 0 0 
0.475 0 1 -2.71487e-13 6.3 1 0 0 
0.5 0 1 -1.21977e-13 6 1 0 0 
0.4 0.025 1 -9.5118e-12 7.2 1 0 0 
0.425 0.025 1 -8.60882e-12 6.9 1 0 0 
0.45 0.025 1 -7.75676e-12 6.6 1 0 0 
0.475 0.025 1 -6.95621e-12 6.3 1 0 0 
0.5 0.025 1 -6.20896e-12 6 1 0 0 
0.4 0.05 1 -1.91385e-11 7.2 1 0 0 
0.425 0.05 1 -1.70643e-11 6.9 1 0 0 
0.45 0.05 1 -1.52317e-11 6.6 1 0 0 
0.475 0.05 1 -1.3643e-11 6.3 1 0 0 
0.5 0.05 1 -1.22965e-11 6 1 0 0 
0.4 0.075 1 -2.87651e-11 7.2 1 0 0 
0.425 0.075 1 -2.55212e-11 6.9 1 0 0 
0.45 0.075 1 -2.27089e-11 6.6 1 0 0 
0.475 0.075 1 -2.03304e-11 6.3 1 0 0 
0.5 0.075 1 -1.83841e-11 6 1 0 0 
0.4 0.1 1 -3.8393e-11 7.2 1 0 0 
0.425 0.1 1 -3.39752e-11 6.9 1 0 0 
0.45 0.1 1 -3.01839e-11 6.6 1 0 0 
0.475 0.1 1 -2.70125e-11 6.3 1 0 0 
0.5 0.1 1 -2.44711e-11 6 1 0 0 
ZONE I=5, J=5
0.5 0 1 -1.21977e-13 6 1 0 0 
0.525 0 1 -1.27528e-13 5.7 1 0 0 
0.55 0 1 -1.24345e-13 5.4 1 0 0 
0.575 0 1 -1.06877e-13 5.1 1 0 0 
0.6 0 1 -7.10543e-14 4.8 1 0 0 
0.5 0.025 1 -6.20778e-12 6 1 0 0 
0.525 0.025 1 -5.60794e-12 5.7 1 0 0 
0.55 0.025 1 -5.06143e-12 5.4 1 0 0 
0.575 0.025 1 -4.5605e-12 5.1 1 0 0 
0.6 0.025 1 -4.11049e-12 4.8 1 0 0 
0.5 0.05 1 -1.22965e-11 6 1 0 0 
0.525 0.05 1 -1.10908e-11 5.7 1 0 0 
0.55 0.05 1 -9.99911e-12 5.4 1 0 0 
0.575 0.05 1 -9.01856e-12 5.1 1 0 0 
0.6 0.05 1 -8.14993e-12 4.8 1 0 0 
0.5 0.075 1 -1.83841e-11 6 1 0 0 
0.525 0.075 1 -1.65706e-11 5.7 1 0 0 
0.55 0.075 1 -1.49368e-11 5.4 1 0 0 
0.575 0.075 1 -1.34772e-11 5.1 1 0 0 
0.6 0.075 1 -1.21894e-11 4.8 1 0 0 
0.5 0.1 1 -2.44711e-11 6 1 0 0 
0.525 0.1 1 -2.20567e-11 5.7 1 0 0 
0.55 0.1 1 -1.98762e-11 5.4 1 0 0 
0.575 0.1 1 -1.79329e-11 5.1 1 0 0 
0.6 0.1 1 -1.62264e-11 4.8 1 0 0 
ZONE I=5, J=5
0.6 0 1 -7.10543e-14 4.8 1 0 0 
0.625 0 1 -7.26086e-14 4.5 1 0 0 
0.65 0 1 -6.63173e-14 4.2 1 0 0 
0.675 0 1 -5.63993e-14 3.9 1 0 0 
0.7 0 1 -4.14483e-14 3.6 1 0 0 
0.6 0.025 1 -4.11049e-12 4.8 1 0 0 
0.625 0.025 1 -3.71535e-12 4.5 1 0 0 
0.65 0.025 1 -3.34666e-12 4.2 1 0 0 
0.675 0.025 1 -3.00546e-12 3.9 1 0 0 
0.7 0.025 1 -2.68704e-12 3.6 1 0 0 
0.6 0.05 1 -8.14993e-12 4.8 1 0 0 
0.625 0.05 1 -7.35848e-12 4.5 1 0 0 
0.65 0.05 1 -6.62581e-12 4.2 1 0 0 
0.675 0.05 1 -5.95198e-12 3.9 1 0 0 
0.7 0.05 1 -5.33381e-12 3.6 1 0 0 
0.6 0.075 1 -1.21894e-11 4.8 1 0 0 
0.625 0.075 1 -1.10001e-11 4.5 1 0 0 
0.65 0.075 1 -9.90497e-12 4.2 1 0 0 
0.675 0.075 1 -8.89688e-12 3.9 1 0 0 
0.7 0.075 1 -7.98058e-12 3.6 1 0 0 
0.6 0.1 1 -1.62264e-11 4.8 1 0 0 
0.625 0.1 1 -1.46477e-11 4.5 1 0 0 
0.65 0.1 1 -1.31829e-11 4.2 1 0 0 
0.675 0.1 1 -1.18447e-11 3.9 1 0 0 
0.7 0.1 1 -1.06285e-11 3.6 1 0 0 
ZONE I=5, J=5
0.7 0 1 -4.20404e-14 3.6 1 0 0 
0.725 0 1 -4.18554e-14 3.3 1 0 0 
0.75 0 1 -3.4935e-14 3 1 0 0 
0.775 0 1 -2.72375e-14 2.7 1 0 0 
0.8 0 1 -1.77636e-14 2.4 1 0 0 
0.7 0.025 1 -2.68704e-12 3.6 1 0 0 
0.725 0.025 1 -2.39912e-12 3.3 1 0 0 
0.75 0.025 1 -2.1263e-12 3 1 0 0 
0.775 0.025 1 -1.86991e-12 2.7 1 0 0 
0.8 0.025 1 -1.62714e-12 2.4 1 0 0 
0.7 0.05 1 -5.33381e-12 3.6 1 0 0 
0.725 0.05 1 -4.75964e-12 3.3 1 0 0 
0.75 0.05 1 -4.21766e-12 3 1 0 0 
0.775 0.05 1 -3.70992e-12 2.7 1 0 0 
0.8 0.05 1 -3.23475e-12 2.4 1 0 0 
0.7 0.075 1 -7.98058e-12 3.6 1 0 0 
0.725 0.075 1 -7.12053e-12 3.3 1 0 0 
0.75 0.075 1 -6.30903e-12 3 1 0 0 
0.775 0.075 1 -5.55023e-12 2.7 1 0 0 
0.8 0.075 1 -4.84235e-12 2.4 1 0 0 
0.7 0.1 1 -1.06285e-11 3.6 1 0 0 
0.725 0.1 1 -9.47775e-12 3.3 1 0 0 
0.75 0.1 1 -8.3998e-12 3 1 0 0 
0.775 0.1 1 -7.38609e-12 2.7 1 0 0 
0.8 0.1 1 -6.45173e-12 2.4 1 0 0 
ZONE I=5, J=5
0.8 0 1 -1.65793e-14 2.4 1 0 0 
0.825 0 1 -2.27966e-14 2.1 1 0 0 
0.85 0 1 -1.71714e-14 1.8 1 0 0 
0.875 0 1 -1.56171e-14 1.5 1 0 0 
0.9 0 1 -2.36848e-15 1.2 1 0 0 
0.8 0.025 1 -1.62714e-12 2.4 1 0 0 
0.825 0.025 1 -1.40251e-12 2.1 1 0 0 
0.85 0.025 1 -1.18305e-12 1.8 1 0 0 
0.875 0.025 1 -9.71371e-13 1.5 1 0 0 
0.9 0.025 1 -7.66498e-13 1.2 1 0 0 
0.8 0.05 1 -3.23475e-12 2.4 1 0 0 
0.825 0.05 1 -2.78444e-12 2.1 1 0 0 
0.85 0.05 1 -2.34894e-12 1.8 1 0 0 
0.875 0.05 1 -1.9309e-12 1.5 1 0 0 
0.9 0.05 1 -1.52915e-12 1.2 1 0 0 
0.8 0.075 1 -4.84235e-12 2.4 1 0 0 
0.825 0.075 1 -4.1667e-12 2.1 1 0 0 
0.85 0.075 1 -3.51482e-12 1.8 1 0 0 
0.875 0.075 1 -2.89087e-12 1.5 1 0 0 
0.9 0.075 1 -2.2918e-12 1.2 1 0 0 
0.8 0.1 1 -6.45173e-12 2.4 1 0 0 
0.825 0.1 1 -5.54645e-12 2.1 1 0 0 
0.85 0.1 1 -4.68129e-12 1.8 1 0 0 
0.875 0.1 1 -3.85233e-12 1.5 1 0 0 
0.9 0.1 1 -3.05474e-12 1.2 1 0 0 
ZONE I=5, J=5
0.9 0 1 -2.81256e-15 1.2 1 0 0 
0.925 0 1 -3.10862e-15 0.9 1 0 0 
0.95 0 1 -6.51331e-15 0.6 1 0 0 
0.975 0 1 -1.4803e-16 0.3 1 0 0 
1 0 1 -0 0 1 0 0 
0.9 0.025 1 -7.66498e-13 1.2 1 0 0 
0.925 0.025 1 -5.72727e-13 0.9 1 0 0 
0.95 0.025 1 -3.80288e-13 0.6 1 0 0 
0.975 0.025 1 -1.91569e-13 0.3 1 0 0 
1 0.025 1 -0 0 1 0 0 
0.9 0.05 1 -1.52915e-12 1.2 1 0 0 
0.925 0.05 1 -1.13968e-12 0.9 1 0 0 
0.95 0.05 1 -7.54952e-13 0.6 1 0 0 
0.975 0.05 1 -3.76144e-13 0.3 1 0 0 
1 0.05 1 -0 0 1 0 0 
0.9 0.075 1 -2.2918e-12 1.2 1 0 0 
0.925 0.075 1 -1.70663e-12 0.9 1 0 0 
0.95 0.075 1 -1.12976e-12 0.6 1 0 0 
0.975 0.075 1 -5.62957e-13 0.3 1 0 0 
1 0.075 1 -0 0 1 0 0 
0.9 0.1 1 -3.05474e-12 1.2 1 0 0 
0.925 0.1 1 -2.27137e-12 0.9 1 0 0 
0.95 0.1 1 -1.50428e-12 0.6 1 0 0 
0.975 0.1 1 -7.50807e-13 0.3 1 0 0 
1 0.1 1 -0 0 1 0 0 
ZONE I=5, J=5
0 0.1 1 1.1364e-08 12 1 0 0 
0.025 0.1 1 3.53629e-09 11.7 1 0 0 
0.05 0.1 1 -8.54479e-10 11.4 1 0 0 
0.075 0.1 1 -1.80834e-09 11.1 1 0 0 
0.1 0.1 1 6.74741e-10 10.8 1 0 0 
0 0.125 1 5.46101e-09 12 1 0 0 
0.025 0.125 1 1.57554e-09 11.7 1 0 0 
0.05 0.125 1 -5.96787e-10 11.4 1 0 0 
0.075 0.125 1 -1.05596e-09 11.1 1 0 0 
0.1 0.125 1 1.98024e-10 10.8 1 0 0 
0 0.15 1 -4.41973e-10 12 1 0 0 
0.025 0.15 1 -3.85225e-10 11.7 1 0 0 
0.05 0.15 1 -3.39092e-10 11.4 1 0 0 
0.075 0.15 1 -3.03581e-10 11.1 1 0 0 
0.1 0.15 1 -2.7869e-10 10.8 1 0 0 
0 0.175 1 -6.34496e-09 12 1 0 0 
0.025 0.175 1 -2.34598e-09 11.7 1 0 0 
0.05 0.175 1 -8.13974e-11 11.4 1 0 0 
0.075 0.175 1 4.48794e-10 11.1 1 0 0 
0.1 0.175 1 -7.55402e-10 10.8 1 0 0 
0 0.2 1 -1.22479e-08 12 1 0 0 
0.025 0.2 1 -4.30674e-09 11.7 1 0 0 
0.05 0.2 1 1.763e-10 11.4 1 0 0 
0.075 0.2 1 1.20117e-09 11.1 1 0 0 
0.1 0.2 1 -1.23212e-09 10.8 1 0 0 
ZONE I=5, J=5
0.1 0.1 1 6.74731e-10 10.8 1 0 0 
0.125 0.1 1 9.22282e-11 10.5 1 0 0 
0.15 0.1 1 -2.21961e-10 10.2 1 0 0 
0.175 0.1 1 -2.67827e-10 9.9 1 0 0 
0.2 0.1 1 -4.53658e-11 9.6 1 0 0 
0.1 0.125 1 1.98024e-10 10.8 1 0 0 
0.125 0.125 1 -6.98023e-11 10.5 1 0 0 
0.15 0.125 1 -2.07803e-10 10.2 1 0 0 
0.175 0.125 1 -2.15981e-10 9.9 1 0 0 
0.2 0.125 1 -9.43411e-11 9.6 1 0 0 
0.1 0.15 1 -2.7869e-10 10.8 1 0 0 
0.125 0.15 1 -2.31826e-10 10.5 1 0 0 
0.15 0.15 1 -1.93642e-10 10.2 1 0 0 
0.175 0.15 1 -1.64139e-10 9.9 1 0 0 
0.2 0.15 1 -1.43316e-10 9.6 1 0 0 
0.1 0.175 1 -7.55402e-10 10.8 1 0 0 
0.125 0.175 1 -3.93851e-10 10.5 1 0 0 
0.15 0.175 1 -1.79483e-10 10.2 1 0 0 
0.175 0.175 1 -1.12295e-10 9.9 1 0 0 
0.2 0.175 1 -1.92289e-10 9.6 1 0 0 
0.1 0.2 1 -1.23212e-09 10.8 1 0 0 
0.125 0.2 1 -5.55875e-10 10.5 1 0 0 
0.15 0.2 1 -1.65324e-10 10.2 1 0 0 
0.175 0.2 1 -6.04542e-11 9.9 1 0 0 
0.2 0.2 1 -2.41262e-10 9.6 1 0 0 
ZONE I=5, J=5
0.2 0.1 1 -4.53658e-11 9.6 1 0 0 
0.225 0.1 1 -7.77172e-11 9.3 1 0 0 
0.25 0.1 1 -9.05516e-11 9 1 0 0 
0.275 0.1 1 -8.38784e-11 8.7 1 0 0 
0.3 0.1 1 -5.76854e-11 8.4 1 0 0 
0.2 0.125 1 -9.43411e-11 9.6 1 0 0 
0.225 0.125 1 -1.00653e-10 9.3 1 0 0 
0.25 0.125 1 -9.87133e-11 9 1 0 0 
0.275 0.125 1 -8.85248e-11 8.7 1 0 0 
0.3 0.125 1 -7.00832e-11 8.4 1 0 0 
0.2 0.15 1 -1.43316e-10 9.6 1 0 0 
0.225 0.15 1 -1.2359e-10 9.3 1 0 0 
0.25 0.15 1 -1.06876e-10 9 1 0 0 
0.275 0.15 1 -9.31699e-11 8.7 1 0 0 
0.3 0.15 1 -8.24786e-11 8.4 1 0 0 
0.2 0.175 1 -1.92289e-10 9.6 1 0 0 
0.225 0.175 1 -1.46525e-10 9.3 1 0 0 
0.25 0.175 1 -1.15037e-10 9 1 0 0 
0.275 0.175 1 -9.78169e-11 8.7 1 0 0 
0.3 0.175 1 -9.48717e-11 8.4 1 0 0 
0.2 0.2 1 -2.41267e-10 9.6 1 0 0 
0.225 0.2 1 -1.69467e-10 9.3 1 0 0 
0.25 0.2 1 -1.23199e-10 9 1 0 0 
0.275 0.2 1 -1.02469e-10 8.7 1 0 0 
0.3 0.2 1 -1.07266e-10 8.4 1 0 0 
ZONE I=5, J=5
0.3 0.1 1 -5.76854e-11 8.4 1 0 0 
0.325 0.1 1 -5.38029e-11 8.1 1 0 0 
0.35 0.1 1 -4.9179e-11 7.8 1 0 0 
0.375 0.1 1 -4.38147e-11 7.5 1 0 0 
0.4 0.1 1 -3.77203e-11 7.2 1 0 0 
0.3 0.125 1 -7.00832e-11 8.4 1 0 0 
0.325 0.125 1 -6.34511e-11 8.1 1 0 0 
0.35 0.125 1 -5.70376e-11 7.8 1 0 0 
0.375 0.125 1 -5.08463e-11 7.5 1 0 0 
0.4 0.125 1 -4.48708e-11 7.2 1 0 0 
0.3 0.15 1 -8.24786e-11 8.4 1 0 0 
0.325 0.15 1 -7.31e-11 8.1 1 0 0 
0.35 0.15 1 -6.48986e-11 7.8 1 0 0 
0.375 0.15 1 -5.78707e-11 7.5 1 0 0 
0.4 0.15 1 -5.20188e-11 7.2 1 0 0 
0.3 0.175 1 -9.48717e-11 8.4 1 0 0 
0.325 0.175 1 -8.27516e-11 8.1 1 0 0 
0.35 0.175 1 -7.27572e-11 7.8 1 0 0 
0.375 0.175 1 -6.4901e-11 7.5 1 0 0 
0.4 0.175 1 -5.91693e-11 7.2 1 0 0 
0.3 0.2 1 -1.07266e-10 8.4 1 0 0 
0.325 0.2 1 -9.24016e-11 8.1 1 0 0 
0.35 0.2 1 -8.06182e-11 7.8 1 0 0 
0.375 0.2 1 -7.19247e-11 7.5 1 0 0 
0.4 0.2 1 -6.63221e-11 7.2 1 0 0 
ZONE I=5, J=5
0.4 0.1 1 -3.77227e-11 7.2 1 0 0 
0.425 0.1 1 -3.39724e-11 6.9 1 0 0 
0.45 0.1 1 -3.05403e-11 6.6 1 0 0 
0.475 0.1 1 -2.74204e-11 6.3 1 0 0 
0.5 0.1 1 -2.46085e-11 6 1 0 0 
0.4 0.125 1 -4.48708e-11 7.2 1 0 0 
0.425 0.125 1 -4.04056e-11 6.9 1 0 0 
0.45 0.125 1 -3.63656e-11 6.6 1 0 0 
0.475 0.125 1 -3.27471e-11 6.3 1 0 0 
0.5 0.125 1 -2.95538e-11 6 1 0 0 
0.4 0.15 1 -5.20188e-11 7.2 1 0 0 
0.425 0.15 1 -4.68388e-11 6.9 1 0 0 
0.45 0.15 1 -4.21932e-11 6.6 1 0 0 
0.475 0.15 1 -3.80786e-11 6.3 1 0 0 
0.5 0.15 1 -3.44992e-11 6 1 0 0 
0.4 0.175 1 -5.91693e-11 7.2 1 0 0 
0.425 0.175 1 -5.32716e-11 6.9 1 0 0 
0.45 0.175 1 -4.80185e-11 6.6 1 0 0 
0.475 0.175 1 -4.34106e-11 6.3 1 0 0 
0.5 0.175 1 -3.94446e-11 6 1 0 0 
0.4 0.2 1 -6.63221e-11 7.2 1 0 0 
0.425 0.2 1 -5.97022e-11 6.9 1 0 0 
0.45 0.2 1 -5.38449e-11 6.6 1 0 0 
0.475 0.2 1 -4.87432e-11 6.3 1 0 0 
0.5 0.2 1 -4.43923e-11 6 1 0 0 
ZONE I=5, J=5
0.5 0.1 1 -2.46085e-11 6 1 0 0 
0.525 0.1 1 -2.22287e-11 5.7 1 0 0 
0.55 0.1 1 -2.00563e-11 5.4 1 0 0 
0.575 0.1 1 -1.80978e-11 5.1 1 0 0 
0.6 0.1 1 -1.63537e-11 4.8 1 0 0 
0.5 0.125 1 -2.95538e-11 6 1 0 0 
0.525 0.125 1 -2.6746e-11 5.7 1 0 0 
0.55 0.125 1 -2.41845e-11 5.4 1 0 0 
0.575 0.125 1 -2.18658e-11 5.1 1 0 0 
0.6 0.125 1 -1.9791e-11 4.8 1 0 0 
0.5 0.15 1 -3.44992e-11 6 1 0 0 
0.525 0.15 1 -3.12681e-11 5.7 1 0 0 
0.55 0.15 1 -2.83134e-11 5.4 1 0 0 
0.575 0.15 1 -2.56325e-11 5.1 1 0 0 
0.6 0.15 1 -2.3227e-11 4.8 1 0 0 
0.5 0.175 1 -3.94458e-11 6 1 0 0 
0.525 0.175 1 -3.57856e-11 5.7 1 0 0 
0.55 0.175 1 -3.2441e-11 5.4 1 0 0 
0.575 0.175 1 -2.93987e-11 5.1 1 0 0 
0.6 0.175 1 -2.66655e-11 4.8 1 0 0 
0.5 0.2 1 -4.43923e-11 6 1 0 0 
0.525 0.2 1 -4.0307e-11 5.7 1 0 0 
0.55 0.2 1 -3.65693e-11 5.4 1 0 0 
0.575 0.2 1 -3.31652e-11 5.1 1 0 0 
0.6 0.2 1 -3.01033e-11 4.8 1 0 0 
ZONE I=5, J=5
0.6 0.1 1 -1.63537e-11 4.8 1 0 0 
0.625 0.1 1 -1.47595e-11 4.5 1 0 0 
0.65 0.1 1 -1.32883e-11 4.2 1 0 0 
0.675 0.1 1 -1.19316e-11 3.9 1 0 0 
0.7 0.1 1 -1.06943e-11 3.6 1 0 0 
0.6 0.125 1 -1.9791e-11 4.8 1 0 0 
0.625 0.125 1 -1.78892e-11 4.5 1 0 0 
0.65 0.125 1 -1.61246e-11 4.2 1 0 0 
0.675 0.125 1 -1.44979e-11 3.9 1 0 0 
0.7 0.125 1 -1.30041e-11 3.6 1 0 0 
0.6 0.15 1 -2.3227e-11 4.8 1 0 0 
0.625 0.15 1 -2.10158e-11 4.5 1 0 0 
0.65 0.15 1 -1.89608e-11 4.2 1 0 0 
0.675 0.15 1 -1.70613e-11 3.9 1 0 0 
0.7 0.15 1 -1.53163e-11 3.6 1 0 0 
0.6 0.175 1 -2.66643e-11 4.8 1 0 0 
0.625 0.175 1 -2.41425e-11 4.5 1 0 0 
0.65 0.175 1 -2.17971e-11 4.2 1 0 0 
0.675 0.175 1 -1.96255e-11 3.9 1 0 0 
0.7 0.175 1 -1.76274e-11 3.6 1 0 0 
0.6 0.2 1 -3.01033e-11 4.8 1 0 0 
0.625 0.2 1 -2.7273e-11 4.5 1 0 0 
0.65 0.2 1 -2.46345e-11 4.2 1 0 0 
0.675 0.2 1 -2.21885e-11 3.9 1 0 0 
0.7 0.2 1 -1.99402e-11 3.6 1 0 0 
ZONE I=5, J=5
0.7 0.1 1 -1.06943e-11 3.6 1 0 0 
0.725 0.1 1 -9.54559e-12 3.3 1 0 0 
0.75 0.1 1 -8.46227e-12 3 1 0 0 
0.775 0.1 1 -7.44101e-12 2.7 1 0 0 
0.8 0.1 1 -6.48489e-12 2.4 1 0 0 
0.7 0.125 1 -1.30041e-11 3.6 1 0 0 
0.725 0.125 1 -1.16157e-11 3.3 1 0 0 
0.75 0.125 1 -1.03029e-11 3 1 0 0 
0.775 0.125 1 -9.06712e-12 2.7 1 0 0 
0.8 0.125 1 -7.90775e-12 2.4 1 0 0 
0.7 0.15 1 -1.53163e-11 3.6 1 0 0 
0.725 0.15 1 -1.36862e-11 3.3 1 0 0 
0.75 0.15 1 -1.21438e-11 3 1 0 0 
0.775 0.15 1 -1.06919e-11 2.7 1 0 0 
0.8 0.15 1 -9.32883e-12 2.4 1 0 0 
0.7 0.175 1 -1.76274e-11 3.6 1 0 0 
0.725 0.175 1 -1.5755e-11 3.3 1 0 0 
0.75 0.175 1 -1.39853e-11 3 1 0 0 
0.775 0.175 1 -1.23161e-11 2.7 1 0 0 
0.8 0.175 1 -1.07499e-11 2.4 1 0 0 
0.7 0.2 1 -1.99402e-11 3.6 1 0 0 
0.725 0.2 1 -1.78238e-11 3.3 1 0 0 
0.75 0.2 1 -1.58262e-11 3 1 0 0 
0.775 0.2 1 -1.39376e-11 2.7 1 0 0 
0.8 0.2 1 -1.21716e-11 2.4 1 0 0 
ZONE I=5, J=5
0.8 0.1 1 -6.4837e-12 2.4 1 0 0 
0.825 0.1 1 -5.58559e-12 2.1 1 0 0 
0.85 0.1 1 -4.70942e-12 1.8 1 0 0 
0.875 0.1 1 -3.87409e-12 1.5 1 0 0 
0.9 0.1 1 -3.06422e-12 1.2 1 0 0 
0.8 0.125 1 -7.90775e-12 2.4 1 0 0 
0.825 0.125 1 -6.80653e-12 2.1 1 0 0 
0.85 0.125 1 -5.74415e-12 1.8 1 0 0 
0.875 0.125 1 -4.72304e-12 1.5 1 0 0 
0.9 0.125 1 -3.74249e-12 1.2 1 0 0 
0.8 0.15 1 -9.32883e-12 2.4 1 0 0 
0.825 0.15 1 -8.03108e-12 2.1 1 0 0 
0.85 0.15 1 -6.77947e-12 1.8 1 0 0 
0.875 0.15 1 -5.57539e-12 1.5 1 0 0 
0.9 0.15 1 -4.41928e-12 1.2 1 0 0 
0.8 0.175 1 -1.07499e-11 2.4 1 0 0 
0.825 0.175 1 -9.25578e-12 2.1 1 0 0 
0.85 0.175 1 -7.8136e-12 1.8 1 0 0 
0.875 0.175 1 -6.4276e-12 1.5 1 0 0 
0.9 0.175 1 -5.09607e-12 1.2 1 0 0 
0.8 0.2 1 -1.21716e-11 2.4 1 0 0 
0.825 0.2 1 -1.04778e-11 2.1 1 0 0 
0.85 0.2 1 -8.84863e-12 1.8 1 0 0 
0.875 0.2 1 -7.28336e-12 1.5 1 0 0 
0.9 0.2 1 -5.77316e-12 1.2 1 0 0 
ZONE I=5, J=5
0.9 0.1 1 -3.0654e-12 1.2 1 0 0 
0.925 0.1 1 -2.28092e-12 0.9 1 0 0 
0.95 0.1 1 -1.51249e-12 0.6 1 0 0 
0.975 0.1 1 -7.46736e-13 0.3 1 0 0 
1 0.1 1 -0 0 1 0 0 
0.9 0.125 1 -3.74249e-12 1.2 1 0 0 
0.925 0.125 1 -2.7877e-12 0.9 1 0 0 
0.95 0.125 1 -1.84578e-12 0.6 1 0 0 
0.975 0.125 1 -9.18691e-13 0.3 1 0 0 
1 0.125 1 -0 0 1 0 0 
0.9 0.15 1 -4.41928e-12 1.2 1 0 0 
0.925 0.15 1 -3.2924e-12 0.9 1 0 0 
0.95 0.15 1 -2.18018e-12 0.6 1 0 0 
0.975 0.15 1 -1.08395e-12 0.3 1 0 0 
1 0.15 1 -0 0 1 0 0 
0.9 0.175 1 -5.09607e-12 1.2 1 0 0 
0.925 0.175 1 -3.79711e-12 0.9 1 0 0 
0.95 0.175 1 -2.51458e-12 0.6 1 0 0 
0.975 0.175 1 -1.25115e-12 0.3 1 0 0 
1 0.175 1 -0 0 1 0 0 
0.9 0.2 1 -5.77316e-12 1.2 1 0 0 
0.925 0.2 1 -4.29923e-12 0.9 1 0 0 
0.95 0.2 1 -2.84928e-12 0.6 1 0 0 
0.975 0.2 1 -1.41975e-12 0.3 1 0 0 
1 0.2 1 -0 0 1 0 0 
ZONE I=5, J=5
0 0.2 1 1.17295e-08 12 1 0 0 
0.025 0.2 1 3.74998e-09 11.7 1 0 0 
0.05 0.2 1 -7.36881e-10 11.4 1 0 0 
0.075 0.2 1 -1.73112e-09 11.1 1 0 0 
0.1 0.2 1 7.67282e-10 10.8 1 0 0 
0 0.225 1 5.73834e-09 12 1 0 0 
0.025 0.225 1 1.75148e-09 11.7 1 0 0 
0.05 0.225 1 -4.87989e-10 11.4 1 0 0 
0.075 0.225 1 -9.80079e-10 11.1 1 0 0 
0.1 0.225 1 2.7521e-10 10.8 1 0 0 
0 0.25 1 -2.52799e-10 12 1 0 0 
0.025 0.25 1 -2.47016e-10 11.7 1 0 0 
0.05 0.25 1 -2.39099e-10 11.4 1 0 0 
0.075 0.25 1 -2.29049e-10 11.1 1 0 0 
0.1 0.25 1 -2.16866e-10 10.8 1 0 0 
0 0.275 1 -6.24393e-09 12 1 0 0 
0.025 0.275 1 -2.24552e-09 11.7 1 0 0 
0.05 0.275 1 9.79128e-12 11.4 1 0 0 
0.075 0.275 1 5.21984e-10 11.1 1 0 0 
0.1 0.275 1 -7.08939e-10 10.8 1 0 0 
0 0.3 1 -1.22351e-08 12 1 0 0 
0.025 0.3 1 -4.24401e-09 11.7 1 0 0 
0.05 0.3 1 2.58685e-10 11.4 1 0 0 
0.075 0.3 1 1.27302e-09 11.1 1 0 0 
0.1 0.3 1 -1.20101e-09 10.8 1 0 0 
ZONE I=5, J=5
0.1 0.2 1 7.67277e-10 10.8 1 0 0 
0.125 0.2 1 1.21684e-10 10.5 1 0 0 
0.15 0.2 1 -2.33471e-10 10.2 1 0 0 
0.175 0.2 1 -2.98189e-10 9.9 1 0 0 
0.2 0.2 1 -7.2473e-11 9.6 1 0 0 
0.1 0.225 1 2.75207e-10 10.8 1 0 0 
0.125 0.225 1 -3.94872e-11 10.5 1 0 0 
0.15 0.225 1 -2.09238e-10 10.2 1 0 0 
0.175 0.225 1 -2.34054e-10 9.9 1 0 0 
0.2 0.225 1 -1.13936e-10 9.6 1 0 0 
0.1 0.25 1 -2.16866e-10 10.8 1 0 0 
0.125 0.25 1 -2.00658e-10 10.5 1 0 0 
0.15 0.25 1 -1.85011e-10 10.2 1 0 0 
0.175 0.25 1 -1.69926e-10 9.9 1 0 0 
0.2 0.25 1 -1.55399e-10 9.6 1 0 0 
0.1 0.275 1 -7.08939e-10 10.8 1 0 0 
0.125 0.275 1 -3.61833e-10 10.5 1 0 0 
0.15 0.275 1 -1.60784e-10 10.2 1 0 0 
0.175 0.275 1 -1.05795e-10 9.9 1 0 0 
0.2 0.275 1 -1.96865e-10 9.6 1 0 0 
0.1 0.3 1 -1.20101e-09 10.8 1 0 0 
0.125 0.3 1 -5.23006e-10 10.5 1 0 0 
0.15 0.3 1 -1.36552e-10 10.2 1 0 0 
0.175 0.3 1 -4.16603e-11 9.9 1 0 0 
0.2 0.3 1 -2.3833e-10 9.6 1 0 0 
ZONE I=5, J=5
0.2 0.2 1 -7.2473e-11 9.6 1 0 0 
0.225 0.2 1 -1.1131e-10 9.3 1 0 0 
0.25 0.2 1 -1.27622e-10 9 1 0 0 
0.275 0.2 1 -1.21412e-10 8.7 1 0 0 
0.3 0.2 1 -9.26773e-11 8.4 1 0 0 
0.2 0.225 1 -1.13936e-10 9.6 1 0 0 
0.225 0.225 1 -1.26389e-10 9.3 1 0 0 
0.25 0.225 1 -1.28156e-10 9 1 0 0 
0.275 0.225 1 -1.19233e-10 8.7 1 0 0 
0.3 0.225 1 -9.96276e-11 8.4 1 0 0 
0.2 0.25 1 -1.55399e-10 9.6 1 0 0 
0.225 0.25 1 -1.4147e-10 9.3 1 0 0 
0.25 0.25 1 -1.2869e-10 9 1 0 0 
0.275 0.25 1 -1.17058e-10 8.7 1 0 0 
0.3 0.25 1 -1.06577e-10 8.4 1 0 0 
0.2 0.275 1 -1.96865e-10 9.6 1 0 0 
0.225 0.275 1 -1.56554e-10 9.3 1 0 0 
0.25 0.275 1 -1.29224e-10 9 1 0 0 
0.275 0.275 1 -1.1488e-10 8.7 1 0 0 
0.3 0.275 1 -1.13528e-10 8.4 1 0 0 
0.2 0.3 1 -2.3833e-10 9.6 1 0 0 
0.225 0.3 1 -1.71635e-10 9.3 1 0 0 
0.25 0.3 1 -1.29755e-10 9 1 0 0 
0.275 0.3 1 -1.12705e-10 8.7 1 0 0 
0.3 0.3 1 -1.20477e-10 8.4 1 0 0 
ZONE I=5, J=5
0.3 0.2 1 -9.26785e-11 8.4 1 0 0 
0.325 0.2 1 -8.72169e-11 8.1 1 0 0 
0.35 0.2 1 -8.07982e-11 7.8 1 0 0 
0.375 0.2 1 -7.34047e-11 7.5 1 0 0 
0.4 0.2 1 -6.50526e-11 7.2 1 0 0 
0.3 0.225 1 -9.96276e-11 8.4 1 0 0 
0.325 0.225 1 -9.21381e-11 8.1 1 0 0 
0.35 0.225 1 -8.45783e-11 7.8 1 0 0 
0.375 0.225 1 -7.69534e-11 7.5 1 0 0 
0.4 0.225 1 -6.92566e-11 7.2 1 0 0 
0.3 0.25 1 -1.06577e-10 8.4 1 0 0 
0.325 0.25 1 -9.70535e-11 8.1 1 0 0 
0.35 0.25 1 -8.83595e-11 7.8 1 0 0 
0.375 0.25 1 -8.04965e-11 7.5 1 0 0 
0.4 0.25 1 -7.34618e-11 7.2 1 0 0 
0.3 0.275 1 -1.13528e-10 8.4 1 0 0 
0.325 0.275 1 -1.01975e-10 8.1 1 0 0 
0.35 0.275 1 -9.21432e-11 7.8 1 0 0 
0.375 0.275 1 -8.40418e-11 7.5 1 0 0 
0.4 0.275 1 -7.76647e-11 7.2 1 0 0 
0.3 0.3 1 -1.20477e-10 8.4 1 0 0 
0.325 0.3 1 -1.06893e-10 8.1 1 0 0 
0.35 0.3 1 -9.5928e-11 7.8 1 0 0 
0.375 0.3 1 -8.75827e-11 7.5 1 0 0 
0.4 0.3 1 -8.18687e-11 7.2 1 0 0 
ZONE I=5, J=5
0.4 0.2 1 -6.50561e-11 7.2 1 0 0 
0.425 0.2 1 -5.92615e-11 6.9 1 0 0 
0.45 0.2 1 -5.38769e-11 6.6 1 0 0 
0.475 0.2 1 -4.89004e-11 6.3 1 0 0 
0.5 0.2 1 -4.43308e-11 6 1 0 0 
0.4 0.225 1 -6.92566e-11 7.2 1 0 0 
0.425 0.225 1 -6.31618e-11 6.9 1 0 0 
0.45 0.225 1 -5.75303e-11 6.6 1 0 0 
0.475 0.225 1 -5.23623e-11 6.3 1 0 0 
0.5 0.225 1 -4.76597e-11 6 1 0 0 
0.4 0.25 1 -7.34618e-11 7.2 1 0 0 
0.425 0.25 1 -6.70616e-11 6.9 1 0 0 
0.45 0.25 1 -6.11837e-11 6.6 1 0 0 
0.475 0.25 1 -5.58244e-11 6.3 1 0 0 
0.5 0.25 1 -5.09874e-11 6 1 0 0 
0.4 0.275 1 -7.76647e-11 7.2 1 0 0 
0.425 0.275 1 -7.09653e-11 6.9 1 0 0 
0.45 0.275 1 -6.4837e-11 6.6 1 0 0 
0.475 0.275 1 -5.92895e-11 6.3 1 0 0 
0.5 0.275 1 -5.43151e-11 6 1 0 0 
0.4 0.3 1 -8.18687e-11 7.2 1 0 0 
0.425 0.3 1 -7.4861e-11 6.9 1 0 0 
0.45 0.3 1 -6.84916e-11 6.6 1 0 0 
0.475 0.3 1 -6.27516e-11 6.3 1 0 0 
0.5 0.3 1 -5.76416e-11 6 1 0 0 
ZONE I=5, J=5
0.5 0.2 1 -4.43308e-11 6 1 0 0 
0.525 0.2 1 -4.03216e-11 5.7 1 0 0 
0.55 0.2 1 -3.66172e-11 5.4 1 0 0 
0.575 0.2 1 -3.32288e-11 5.1 1 0 0 
0.6 0.2 1 -3.01531e-11 4.8 1 0 0 
0.5 0.225 1 -4.76597e-11 6 1 0 0 
0.525 0.225 1 -4.34264e-11 5.7 1 0 0 
0.55 0.225 1 -3.9518e-11 5.4 1 0 0 
0.575 0.225 1 -3.59256e-11 5.1 1 0 0 
0.6 0.225 1 -3.26518e-11 4.8 1 0 0 
0.5 0.25 1 -5.09874e-11 6 1 0 0 
0.525 0.25 1 -4.65407e-11 5.7 1 0 0 
0.55 0.25 1 -4.242e-11 5.4 1 0 0 
0.575 0.25 1 -3.86216e-11 5.1 1 0 0 
0.6 0.25 1 -3.51476e-11 4.8 1 0 0 
0.5 0.275 1 -5.43151e-11 6 1 0 0 
0.525 0.275 1 -4.96527e-11 5.7 1 0 0 
0.55 0.275 1 -4.5322e-11 5.4 1 0 0 
0.575 0.275 1 -4.13198e-11 5.1 1 0 0 
0.6 0.275 1 -3.76434e-11 4.8 1 0 0 
0.5 0.3 1 -5.76416e-11 6 1 0 0 
0.525 0.3 1 -5.27652e-11 5.7 1 0 0 
0.55 0.3 1 -4.82245e-11 5.4 1 0 0 
0.575 0.3 1 -4.40181e-11 5.1 1 0 0 
0.6 0.3 1 -4.01386e-11 4.8 1 0 0 
ZONE I=5, J=5
0.6 0.2 1 -3.01531e-11 4.8 1 0 0 
0.625 0.2 1 -2.73245e-11 4.5 1 0 0 
0.65 0.2 1 -2.46848e-11 4.2 1 0 0 
0.675 0.2 1 -2.2233e-11 3.9 1 0 0 
0.7 0.2 1 -1.99692e-11 3.6 1 0 0 
0.6 0.225 1 -3.26506e-11 4.8 1 0 0 
0.625 0.225 1 -2.96241e-11 4.5 1 0 0 
0.65 0.225 1 -2.67922e-11 4.2 1 0 0 
0.675 0.225 1 -2.41571e-11 3.9 1 0 0 
0.7 0.225 1 -2.17166e-11 3.6 1 0 0 
0.6 0.25 1 -3.51476e-11 4.8 1 0 0 
0.625 0.25 1 -3.19203e-11 4.5 1 0 0 
0.65 0.25 1 -2.88978e-11 4.2 1 0 0 
0.675 0.25 1 -2.60791e-11 3.9 1 0 0 
0.7 0.25 1 -2.34639e-11 3.6 1 0 0 
0.6 0.275 1 -3.76434e-11 4.8 1 0 0 
0.625 0.275 1 -3.42181e-11 4.5 1 0 0 
0.65 0.275 1 -3.10033e-11 4.2 1 0 0 
0.675 0.275 1 -2.80019e-11 3.9 1 0 0 
0.7 0.275 1 -2.52112e-11 3.6 1 0 0 
0.6 0.3 1 -4.01386e-11 4.8 1 0 0 
0.625 0.3 1 -3.65154e-11 4.5 1 0 0 
0.65 0.3 1 -3.31077e-11 4.2 1 0 0 
0.675 0.3 1 -2.99227e-11 3.9 1 0 0 
0.7 0.3 1 -2.6958e-11 3.6 1 0 0 
ZONE I=5, J=5
0.7 0.2 1 -1.99698e-11 3.6 1 0 0 
0.725 0.2 1 -1.7864e-11 3.3 1 0 0 
0.75 0.2 1 -1.58617e-11 3 1 0 0 
0.775 0.2 1 -1.39712e-11 2.7 1 0 0 
0.8 0.2 1 -1.21926e-11 2.4 1 0 0 
0.7 0.225 1 -2.17166e-11 3.6 1 0 0 
0.725 0.225 1 -1.94333e-11 3.3 1 0 0 
0.75 0.225 1 -1.72668e-11 3 1 0 0 
0.775 0.225 1 -1.52178e-11 2.7 1 0 0 
0.8 0.225 1 -1.32871e-11 2.4 1 0 0 
0.7 0.25 1 -2.34639e-11 3.6 1 0 0 
0.725 0.25 1 -2.10063e-11 3.3 1 0 0 
0.75 0.25 1 -1.86722e-11 3 1 0 0 
0.775 0.25 1 -1.64639e-11 2.7 1 0 0 
0.8 0.25 1 -1.43808e-11 2.4 1 0 0 
0.7 0.275 1 -2.52112e-11 3.6 1 0 0 
0.725 0.275 1 -2.25785e-11 3.3 1 0 0 
0.75 0.275 1 -2.00776e-11 3 1 0 0 
0.775 0.275 1 -1.771e-11 2.7 1 0 0 
0.8 0.275 1 -1.54738e-11 2.4 1 0 0 
0.7 0.3 1 -2.6958e-11 3.6 1 0 0 
0.725 0.3 1 -2.41472e-11 3.3 1 0 0 
0.75 0.3 1 -2.14821e-11 3 1 0 0 
0.775 0.3 1 -1.89514e-11 2.7 1 0 0 
0.8 0.3 1 -1.65663e-11 2.4 1 0 0 
ZONE I=5, J=5
0.8 0.2 1 -1.21914e-11 2.4 1 0 0 
0.825 0.2 1 -1.05045e-11 2.1 1 0 0 
0.85 0.2 1 -8.86935e-12 1.8 1 0 0 
0.875 0.2 1 -7.29853e-12 1.5 1 0 0 
0.9 0.2 1 -5.77938e-12 1.2 1 0 0 
0.8 0.225 1 -1.32871e-11 2.4 1 0 0 
0.825 0.225 1 -1.14472e-11 2.1 1 0 0 
0.85 0.225 1 -9.6693e-12 1.8 1 0 0 
0.875 0.225 1 -7.9563e-12 1.5 1 0 0 
0.9 0.225 1 -6.30666e-12 1.2 1 0 0 
0.8 0.25 1 -1.43808e-11 2.4 1 0 0 
0.825 0.25 1 -1.23923e-11 2.1 1 0 0 
0.85 0.25 1 -1.04707e-11 1.8 1 0 0 
0.875 0.25 1 -8.61763e-12 1.5 1 0 0 
0.9 0.25 1 -6.8329e-12 1.2 1 0 0 
0.8 0.275 1 -1.54738e-11 2.4 1 0 0 
0.825 0.275 1 -1.33378e-11 2.1 1 0 0 
0.85 0.275 1 -1.12716e-11 1.8 1 0 0 
0.875 0.275 1 -9.27895e-12 1.5 1 0 0 
0.9 0.275 1 -7.35915e-12 1.2 1 0 0 
0.8 0.3 1 -1.65663e-11 2.4 1 0 0 
0.825 0.3 1 -1.42813e-11 2.1 1 0 0 
0.85 0.3 1 -1.20721e-11 1.8 1 0 0 
0.875 0.3 1 -9.94345e-12 1.5 1 0 0 
0.9 0.3 1 -7.88466e-12 1.2 1 0 0 
ZONE I=5, J=5
0.9 0.2 1 -5.77982e-12 1.2 1 0 0 
0.925 0.2 1 -4.30441e-12 0.9 1 0 0 
0.95 0.2 1 -2.85276e-12 0.6 1 0 0 
0.975 0.2 1 -1.41257e-12 0.3 1 0 0 
1 0.2 1 -0 0 1 0 0 
0.9 0.225 1 -6.30695e-12 1.2 1 0 0 
0.925 0.225 1 -4.6992e-12 0.9 1 0 0 
0.95 0.225 1 -3.11218e-12 0.6 1 0 0 
0.975 0.225 1 -1.54797e-12 0.3 1 0 0 
1 0.225 1 -0 0 1 0 0 
0.9 0.25 1 -6.8329e-12 1.2 1 0 0 
0.925 0.25 1 -5.09178e-12 0.9 1 0 0 
0.95 0.25 1 -3.37278e-12 0.6 1 0 0 
0.975 0.25 1 -1.67651e-12 0.3 1 0 0 
1 0.25 1 -0 0 1 0 0 
0.9 0.275 1 -7.35915e-12 1.2 1 0 0 
0.925 0.275 1 -5.48465e-12 0.9 1 0 0 
0.95 0.275 1 -3.63339e-12 0.6 1 0 0 
0.975 0.275 1 -1.80744e-12 0.3 1 0 0 
1 0.275 1 -0 0 1 0 0 
0.9 0.3 1 -7.88466e-12 1.2 1 0 0 
0.925 0.3 1 -5.87486e-12 0.9 1 0 0 
0.95 0.3 1 -3.89437e-12 0.6 1 0 0 
0.975 0.3 1 -1.93934e-12 0.3 1 0 0 
1 0.3 1 -0 0 1 0 0 
ZONE I=5, J=5
0 0.3 1 1.18159e-08 12 1 0 0 
0.025 0.3 1 3.82434e-09 11.7 1 0 0 
0.05 0.3 1 -6.72949e-10 11.4 1 0 0 
0.075 0.3 1 -1.67593e-09 11.1 1 0 0 
0.1 0.3 1 8.1543e-10 10.8 1 0 0 
0 0.325 1 5.8096e-09 12 1 0 0 
0.025 0.325 1 1.81443e-09 11.7 1 0 0 
0.05 0.325 1 -4.32811e-10 11.4 1 0 0 
0.075 0.325 1 -9.32112e-10 11.1 1 0 0 
0.1 0.325 1 3.16533e-10 10.8 1 0 0 
0 0.35 1 -1.96739e-10 12 1 0 0 
0.025 0.35 1 -1.95483e-10 11.7 1 0 0 
0.05 0.35 1 -1.9267e-10 11.4 1 0 0 
0.075 0.35 1 -1.88295e-10 11.1 1 0 0 
0.1 0.35 1 -1.82361e-10 10.8 1 0 0 
0 0.375 1 -6.20308e-09 12 1 0 0 
0.025 0.375 1 -2.20539e-09 11.7 1 0 0 
0.05 0.375 1 4.74714e-11 11.4 1 0 0 
0.075 0.375 1 5.55517e-10 11.1 1 0 0 
0.1 0.375 1 -6.81254e-10 10.8 1 0 0 
0 0.4 1 -1.22094e-08 12 1 0 0 
0.025 0.4 1 -4.21531e-09 11.7 1 0 0 
0.05 0.4 1 2.87609e-10 11.4 1 0 0 
0.075 0.4 1 1.29933e-09 11.1 1 0 0 
0.1 0.4 1 -1.18015e-09 10.8 1 0 0 
ZONE I=5, J=5
0.1 0.3 1 8.15425e-10 10.8 1 0 0 
0.125 0.3 1 1.54312e-10 10.5 1 0 0 
0.15 0.3 1 -2.13369e-10 10.2 1 0 0 
0.175 0.3 1 -2.87612e-10 9.9 1 0 0 
0.2 0.3 1 -6.84051e-11 9.6 1 0 0 
0.1 0.325 1 3.16533e-10 10.8 1 0 0 
0.125 0.325 1 -1.0347e-11 10.5 1 0 0 
0.15 0.325 1 -1.90231e-10 10.2 1 0 0 
0.175 0.325 1 -2.23125e-10 9.9 1 0 0 
0.2 0.325 1 -1.09038e-10 9.6 1 0 0 
0.1 0.35 1 -1.82361e-10 10.8 1 0 0 
0.125 0.35 1 -1.74992e-10 10.5 1 0 0 
0.15 0.35 1 -1.6709e-10 10.2 1 0 0 
0.175 0.35 1 -1.58651e-10 9.9 1 0 0 
0.2 0.35 1 -1.49675e-10 9.6 1 0 0 
0.1 0.375 1 -6.81254e-10 10.8 1 0 0 
0.125 0.375 1 -3.39646e-10 10.5 1 0 0 
0.15 0.375 1 -1.43949e-10 10.2 1 0 0 
0.175 0.375 1 -9.41718e-11 9.9 1 0 0 
0.2 0.375 1 -1.90312e-10 9.6 1 0 0 
0.1 0.4 1 -1.18015e-09 10.8 1 0 0 
0.125 0.4 1 -5.0429e-10 10.5 1 0 0 
0.15 0.4 1 -1.20811e-10 10.2 1 0 0 
0.175 0.4 1 -2.96877e-11 9.9 1 0 0 
0.2 0.4 1 -2.30945e-10 9.6 1 0 0 
ZONE I=5, J=5
0.2 0.3 1 -6.83968e-11 9.6 1 0 0 
0.225 0.3 1 -1.139e-10 9.3 1 0 0 
0.25 0.3 1 -1.3527e-10 9 1 0 0 
0.275 0.3 1 -1.32529e-10 8.7 1 0 0 
0.3 0.3 1 -1.05664e-10 8.4 1 0 0 
0.2 0.325 1 -1.09038e-10 9.6 1 0 0 
0.225 0.325 1 -1.27246e-10 9.3 1 0 0 
0.25 0.325 1 -1.33492e-10 9 1 0 0 
0.275 0.325 1 -1.2778e-10 8.7 1 0 0 
0.3 0.325 1 -1.10106e-10 8.4 1 0 0 
0.2 0.35 1 -1.49675e-10 9.6 1 0 0 
0.225 0.35 1 -1.40596e-10 9.3 1 0 0 
0.25 0.35 1 -1.31713e-10 9 1 0 0 
0.275 0.35 1 -1.2303e-10 8.7 1 0 0 
0.3 0.35 1 -1.14545e-10 8.4 1 0 0 
0.2 0.375 1 -1.90312e-10 9.6 1 0 0 
0.225 0.375 1 -1.53943e-10 9.3 1 0 0 
0.25 0.375 1 -1.29935e-10 9 1 0 0 
0.275 0.375 1 -1.18282e-10 8.7 1 0 0 
0.3 0.375 1 -1.18985e-10 8.4 1 0 0 
0.2 0.4 1 -2.30945e-10 9.6 1 0 0 
0.225 0.4 1 -1.67293e-10 9.3 1 0 0 
0.25 0.4 1 -1.28153e-10 9 1 0 0 
0.275 0.4 1 -1.13534e-10 8.7 1 0 0 
0.3 0.4 1 -1.23428e-10 8.4 1 0 0 
ZONE I=5, J=5
0.3 0.3 1 -1.05665e-10 8.4 1 0 0 
0.325 0.3 1 -1.01591e-10 8.1 1 0 0 
0.35 0.3 1 -9.60204e-11 7.8 1 0 0 
0.375 0.3 1 -8.89602e-11 7.5 1 0 0 
0.4 0.3 1 -8.04133e-11 7.2 1 0 0 
0.3 0.325 1 -1.10106e-10 8.4 1 0 0 
0.325 0.325 1 -1.04015e-10 8.1 1 0 0 
0.35 0.325 1 -9.7387e-11 7.8 1 0 0 
0.375 0.325 1 -9.02198e-11 7.5 1 0 0 
0.4 0.325 1 -8.25082e-11 7.2 1 0 0 
0.3 0.35 1 -1.14545e-10 8.4 1 0 0 
0.325 0.35 1 -1.06446e-10 8.1 1 0 0 
0.35 0.35 1 -9.87548e-11 7.8 1 0 0 
0.375 0.35 1 -9.14744e-11 7.5 1 0 0 
0.4 0.35 1 -8.46008e-11 7.2 1 0 0 
0.3 0.375 1 -1.18985e-10 8.4 1 0 0 
0.325 0.375 1 -1.08876e-10 8.1 1 0 0 
0.35 0.375 1 -1.00123e-10 7.8 1 0 0 
0.375 0.375 1 -9.27306e-11 7.5 1 0 0 
0.4 0.375 1 -8.66933e-11 7.2 1 0 0 
0.3 0.4 1 -1.23428e-10 8.4 1 0 0 
0.325 0.4 1 -1.11307e-10 8.1 1 0 0 
0.35 0.4 1 -1.01492e-10 7.8 1 0 0 
0.375 0.4 1 -9.39882e-11 7.5 1 0 0 
0.4 0.4 1 -8.87823e-11 7.2 1 0 0 
ZONE I=5, J=5
0.4 0.3 1 -8.04157e-11 7.2 1 0 0 
0.425 0.3 1 -7.42693e-11 6.9 1 0 0 
0.45 0.3 1 -6.83921e-11 6.6 1 0 0 
0.475 0.3 1 -6.2796e-11 6.3 1 0 0 
0.5 0.3 1 -5.74634e-11 6 1 0 0 
0.4 0.325 1 -8.25082e-11 7.2 1 0 0 
0.425 0.325 1 -7.62079e-11 6.9 1 0 0 
0.45 0.325 1 -7.02395e-11 6.6 1 0 0 
0.475 0.325 1 -6.45966e-11 6.3 1 0 0 
0.5 0.325 1 -5.92829e-11 6 1 0 0 
0.4 0.35 1 -8.46008e-11 7.2 1 0 0 
0.425 0.35 1 -7.81516e-11 6.9 1 0 0 
0.45 0.35 1 -7.20857e-11 6.6 1 0 0 
0.475 0.35 1 -6.6402e-11 6.3 1 0 0 
0.5 0.35 1 -6.11013e-11 6 1 0 0 
0.4 0.375 1 -8.66933e-11 7.2 1 0 0 
0.425 0.375 1 -8.00943e-11 6.9 1 0 0 
0.45 0.375 1 -7.3932e-11 6.6 1 0 0 
0.475 0.375 1 -6.82062e-11 6.3 1 0 0 
0.5 0.375 1 -6.29209e-11 6 1 0 0 
0.4 0.4 1 -8.87823e-11 7.2 1 0 0 
0.425 0.4 1 -8.20345e-11 6.9 1 0 0 
0.45 0.4 1 -7.57794e-11 6.6 1 0 0 
0.475 0.4 1 -7.00133e-11 6.3 1 0 0 
0.5 0.4 1 -6.47375e-11 6 1 0 0 
ZONE I=5, J=5
0.5 0.3 1 -5.74634e-11 6 1 0 0 
0.525 0.3 1 -5.26806e-11 5.7 1 0 0 
0.55 0.3 1 -4.81902e-11 5.4 1 0 0 
0.575 0.3 1 -4.40027e-11 5.1 1 0 0 
0.6 0.3 1 -4.01208e-11 4.8 1 0 0 
0.5 0.325 1 -5.92829e-11 6 1 0 0 
0.525 0.325 1 -5.44077e-11 5.7 1 0 0 
0.55 0.325 1 -4.98375e-11 5.4 1 0 0 
0.575 0.325 1 -4.55647e-11 5.1 1 0 0 
0.6 0.325 1 -4.15893e-11 4.8 1 0 0 
0.5 0.35 1 -6.11013e-11 6 1 0 0 
0.525 0.35 1 -5.61429e-11 5.7 1 0 0 
0.55 0.35 1 -5.14842e-11 5.4 1 0 0 
0.575 0.35 1 -4.71211e-11 5.1 1 0 0 
0.6 0.35 1 -4.30559e-11 4.8 1 0 0 
0.5 0.375 1 -6.29197e-11 6 1 0 0 
0.525 0.375 1 -5.78767e-11 5.7 1 0 0 
0.55 0.375 1 -5.31308e-11 5.4 1 0 0 
0.575 0.375 1 -4.86799e-11 5.1 1 0 0 
0.6 0.375 1 -4.45226e-11 4.8 1 0 0 
0.5 0.4 1 -6.47375e-11 6 1 0 0 
0.525 0.4 1 -5.96122e-11 5.7 1 0 0 
0.55 0.4 1 -5.47757e-11 5.4 1 0 0 
0.575 0.4 1 -5.02371e-11 5.1 1 0 0 
0.6 0.4 1 -4.59887e-11 4.8 1 0 0 
ZONE I=5, J=5
0.6 0.3 1 -4.01208e-11 4.8 1 0 0 
0.625 0.3 1 -3.65153e-11 4.5 1 0 0 
0.65 0.3 1 -3.3116e-11 4.2 1 0 0 
0.675 0.3 1 -2.99291e-11 3.9 1 0 0 
0.7 0.3 1 -2.69562e-11 3.6 1 0 0 
0.6 0.325 1 -4.15893e-11 4.8 1 0 0 
0.625 0.325 1 -3.7878e-11 4.5 1 0 0 
0.65 0.325 1 -3.43796e-11 4.2 1 0 0 
0.675 0.325 1 -3.1095e-11 3.9 1 0 0 
0.7 0.325 1 -2.80203e-11 3.6 1 0 0 
0.6 0.35 1 -4.30559e-11 4.8 1 0 0 
0.625 0.35 1 -3.92414e-11 4.5 1 0 0 
0.65 0.35 1 -3.5642e-11 4.2 1 0 0 
0.675 0.35 1 -3.22563e-11 3.9 1 0 0 
0.7 0.35 1 -2.90843e-11 3.6 1 0 0 
0.6 0.375 1 -4.45226e-11 4.8 1 0 0 
0.625 0.375 1 -4.06053e-11 4.5 1 0 0 
0.65 0.375 1 -3.69044e-11 4.2 1 0 0 
0.675 0.375 1 -3.3418e-11 3.9 1 0 0 
0.7 0.375 1 -3.01483e-11 3.6 1 0 0 
0.6 0.4 1 -4.59887e-11 4.8 1 0 0 
0.625 0.4 1 -4.19749e-11 4.5 1 0 0 
0.65 0.4 1 -3.81644e-11 4.2 1 0 0 
0.675 0.4 1 -3.45803e-11 3.9 1 0 0 
0.7 0.4 1 -3.12106e-11 3.6 1 0 0 
ZONE I=5, J=5
0.7 0.3 1 -2.69562e-11 3.6 1 0 0 
0.725 0.3 1 -2.41599e-11 3.3 1 0 0 
0.75 0.3 1 -2.14948e-11 3 1 0 0 
0.775 0.3 1 -1.89679e-11 2.7 1 0 0 
0.8 0.3 1 -1.65728e-11 2.4 1 0 0 
0.7 0.325 1 -2.80203e-11 3.6 1 0 0 
0.725 0.325 1 -2.51226e-11 3.3 1 0 0 
0.75 0.325 1 -2.23614e-11 3 1 0 0 
0.775 0.325 1 -1.97401e-11 2.7 1 0 0 
0.8 0.325 1 -1.72561e-11 2.4 1 0 0 
0.7 0.35 1 -2.90843e-11 3.6 1 0 0 
0.725 0.35 1 -2.60854e-11 3.3 1 0 0 
0.75 0.35 1 -2.32279e-11 3 1 0 0 
0.775 0.35 1 -2.05117e-11 2.7 1 0 0 
0.8 0.35 1 -1.79374e-11 2.4 1 0 0 
0.7 0.375 1 -3.01483e-11 3.6 1 0 0 
0.725 0.375 1 -2.70504e-11 3.3 1 0 0 
0.75 0.375 1 -2.40939e-11 3 1 0 0 
0.775 0.375 1 -2.1284e-11 2.7 1 0 0 
0.8 0.375 1 -1.86186e-11 2.4 1 0 0 
0.7 0.4 1 -3.12106e-11 3.6 1 0 0 
0.725 0.4 1 -2.80099e-11 3.3 1 0 0 
0.75 0.4 1 -2.4959e-11 3 1 0 0 
0.775 0.4 1 -2.20535e-11 2.7 1 0 0 
0.8 0.4 1 -1.92983e-11 2.4 1 0 0 
ZONE I=5, J=5
0.8 0.3 1 -1.65728e-11 2.4 1 0 0 
0.825 0.3 1 -1.42935e-11 2.1 1 0 0 
0.85 0.3 1 -1.20795e-11 1.8 1 0 0 
0.875 0.3 1 -9.94775e-12 1.5 1 0 0 
0.9 0.3 1 -7.88347e-12 1.2 1 0 0 
0.8 0.325 1 -1.72567e-11 2.4 1 0 0 
0.825 0.325 1 -1.48803e-11 2.1 1 0 0 
0.85 0.325 1 -1.25808e-11 1.8 1 0 0 
0.875 0.325 1 -1.03596e-11 1.5 1 0 0 
0.9 0.325 1 -8.21654e-12 1.2 1 0 0 
0.8 0.35 1 -1.79374e-11 2.4 1 0 0 
0.825 0.35 1 -1.54701e-11 2.1 1 0 0 
0.85 0.35 1 -1.30817e-11 1.8 1 0 0 
0.875 0.35 1 -1.07744e-11 1.5 1 0 0 
0.9 0.35 1 -8.54798e-12 1.2 1 0 0 
0.8 0.375 1 -1.86186e-11 2.4 1 0 0 
0.825 0.375 1 -1.60599e-11 2.1 1 0 0 
0.85 0.375 1 -1.35826e-11 1.8 1 0 0 
0.875 0.375 1 -1.11891e-11 1.5 1 0 0 
0.9 0.375 1 -8.87942e-12 1.2 1 0 0 
0.8 0.4 1 -1.92983e-11 2.4 1 0 0 
0.825 0.4 1 -1.66476e-11 2.1 1 0 0 
0.85 0.4 1 -1.4083e-11 1.8 1 0 0 
0.875 0.4 1 -1.16067e-11 1.5 1 0 0 
0.9 0.4 1 -9.21041e-12 1.2 1 0 0 
ZONE I=5, J=5
0.9 0.3 1 -7.88406e-12 1.2 1 0 0 
0.925 0.3 1 -5.87523e-12 0.9 1 0 0 
0.95 0.3 1 -3.89466e-12 0.6 1 0 0 
0.975 0.3 1 -1.93112e-12 0.3 1 0 0 
1 0.3 1 -0 0 1 0 0 
0.9 0.325 1 -8.21683e-12 1.2 1 0 0 
0.925 0.325 1 -6.12458e-12 0.9 1 0 0 
0.95 0.325 1 -4.05779e-12 0.6 1 0 0 
0.975 0.325 1 -2.0184e-12 0.3 1 0 0 
1 0.325 1 -0 0 1 0 0 
0.9 0.35 1 -8.54798e-12 1.2 1 0 0 
0.925 0.35 1 -6.37216e-12 0.9 1 0 0 
0.95 0.35 1 -4.22218e-12 0.6 1 0 0 
0.975 0.35 1 -2.09921e-12 0.3 1 0 0 
1 0.35 1 -0 0 1 0 0 
0.9 0.375 1 -8.87942e-12 1.2 1 0 0 
0.925 0.375 1 -6.61959e-12 0.9 1 0 0 
0.95 0.375 1 -4.38657e-12 0.6 1 0 0 
0.975 0.375 1 -2.18211e-12 0.3 1 0 0 
1 0.375 1 -0 0 1 0 0 
0.9 0.4 1 -9.21041e-12 1.2 1 0 0 
0.925 0.4 1 -6.86443e-12 0.9 1 0 0 
0.95 0.4 1 -4.55073e-12 0.6 1 0 0 
0.975 0.4 1 -2.26634e-12 0.3 1 0 0 
1 0.4 1 -0 0 1 0 0 
ZONE I=5, J=5
0 0.4 1 1.1848e-08 12 1 0 0 
0.025 0.4 1 3.85506e-09 11.7 1 0 0 
0.05 0.4 1 -6.44202e-10 11.4 1 0 0 
0.075 0.4 1 -1.64976e-09 11.1 1 0 0 
0.1 0.4 1 8.38391e-10 10.8 1 0 0 
0 0.425 1 5.83567e-09 12 1 0 0 
0.025 0.425 1 1.83951e-09 11.7 1 0 0 
0.05 0.425 1 -4.09268e-10 11.4 1 0 0 
0.075 0.425 1 -9.10645e-10 11.1 1 0 0 
0.1 0.425 1 3.35374e-10 10.8 1 0 0 
0 0.45 1 -1.76699e-10 12 1 0 0 
0.025 0.45 1 -1.76057e-10 11.7 1 0 0 
0.05 0.45 1 -1.74332e-10 11.4 1 0 0 
0.075 0.45 1 -1.71527e-10 11.1 1 0 0 
0.1 0.45 1 -1.67641e-10 10.8 1 0 0 
0 0.475 1 -6.18907e-09 12 1 0 0 
0.025 0.475 1 -2.19161e-09 11.7 1 0 0 
0.05 0.475 1 6.06046e-11 11.4 1 0 0 
0.075 0.475 1 5.67587e-10 11.1 1 0 0 
0.1 0.475 1 -6.70655e-10 10.8 1 0 0 
0 0.5 1 -1.22014e-08 12 1 0 0 
0.025 0.5 1 -4.20718e-09 11.7 1 0 0 
0.05 0.5 1 2.95538e-10 11.4 1 0 0 
0.075 0.5 1 1.3067e-09 11.1 1 0 0 
0.1 0.5 1 -1.17367e-09 10.8 1 0 0 
ZONE I=5, J=5
0.1 0.4 1 8.38386e-10 10.8 1 0 0 
0.125 0.4 1 1.72903e-10 10.5 1 0 0 
0.15 0.4 1 -1.98875e-10 10.2 1 0 0 
0.175 0.4 1 -2.76954e-10 9.9 1 0 0 
0.2 0.4 1 -6.1334e-11 9.6 1 0 0 
0.1 0.425 1 3.35374e-10 10.8 1 0 0 
0.125 0.425 1 5.0478e-12 10.5 1 0 0 
0.15 0.425 1 -1.78128e-10 10.2 1 0 0 
0.175 0.425 1 -2.14148e-10 9.9 1 0 0 
0.2 0.425 1 -1.03012e-10 9.6 1 0 0 
0.1 0.45 1 -1.67641e-10 10.8 1 0 0 
0.125 0.45 1 -1.62813e-10 10.5 1 0 0 
0.15 0.45 1 -1.57379e-10 10.2 1 0 0 
0.175 0.45 1 -1.5134e-10 9.9 1 0 0 
0.2 0.45 1 -1.44696e-10 9.6 1 0 0 
0.1 0.475 1 -6.70655e-10 10.8 1 0 0 
0.125 0.475 1 -3.30675e-10 10.5 1 0 0 
0.15 0.475 1 -1.3663e-10 10.2 1 0 0 
0.175 0.475 1 -8.85336e-11 9.9 1 0 0 
0.2 0.475 1 -1.8638e-10 9.6 1 0 0 
0.1 0.5 1 -1.17367e-09 10.8 1 0 0 
0.125 0.5 1 -4.98533e-10 10.5 1 0 0 
0.15 0.5 1 -1.15885e-10 10.2 1 0 0 
0.175 0.5 1 -2.5724e-11 9.9 1 0 0 
0.2 0.5 1 -2.28061e-10 9.6 1 0 0 
ZONE I=5, J=5
0.2 0.4 1 -6.1334e-11 9.6 1 0 0 
0.225 0.4 1 -1.10176e-10 9.3 1 0 0 
0.25 0.4 1 -1.34396e-10 9 1 0 0 
0.275 0.4 1 -1.33974e-10 8.7 1 0 0 
0.3 0.4 1 -1.08926e-10 8.4 1 0 0 
0.2 0.425 1 -1.03012e-10 9.6 1 0 0 
0.225 0.425 1 -1.23955e-10 9.3 1 0 0 
0.25 0.425 1 -1.32538e-10 9 1 0 0 
0.275 0.425 1 -1.28758e-10 8.7 1 0 0 
0.3 0.425 1 -1.12616e-10 8.4 1 0 0 
0.2 0.45 1 -1.44696e-10 9.6 1 0 0 
0.225 0.45 1 -1.37733e-10 9.3 1 0 0 
0.25 0.45 1 -1.30681e-10 9 1 0 0 
0.275 0.45 1 -1.23537e-10 8.7 1 0 0 
0.3 0.45 1 -1.16304e-10 8.4 1 0 0 
0.2 0.475 1 -1.8638e-10 9.6 1 0 0 
0.225 0.475 1 -1.51512e-10 9.3 1 0 0 
0.25 0.475 1 -1.28824e-10 9 1 0 0 
0.275 0.475 1 -1.18318e-10 8.7 1 0 0 
0.3 0.475 1 -1.19992e-10 8.4 1 0 0 
0.2 0.5 1 -2.28061e-10 9.6 1 0 0 
0.225 0.5 1 -1.65289e-10 9.3 1 0 0 
0.25 0.5 1 -1.26965e-10 9 1 0 0 
0.275 0.5 1 -1.13094e-10 8.7 1 0 0 
0.3 0.5 1 -1.23684e-10 8.4 1 0 0 
ZONE I=5, J=5
0.3 0.4 1 -1.0893e-10 8.4 1 0 0 
0.325 0.4 1 -1.06286e-10 8.1 1 0 0 
0.35 0.4 1 -1.01822e-10 7.8 1 0 0 
0.375 0.4 1 -9.55366e-11 7.5 1 0 0 
0.4 0.4 1 -8.7424e-11 7.2 1 0 0 
0.3 0.425 1 -1.12616e-10 8.4 1 0 0 
0.325 0.425 1 -1.07737e-10 8.1 1 0 0 
0.35 0.425 1 -1.02046e-10 7.8 1 0 0 
0.375 0.425 1 -9.554e-11 7.5 1 0 0 
0.4 0.425 1 -8.82234e-11 7.2 1 0 0 
0.3 0.45 1 -1.16304e-10 8.4 1 0 0 
0.325 0.45 1 -1.09191e-10 8.1 1 0 0 
0.35 0.45 1 -1.02271e-10 7.8 1 0 0 
0.375 0.45 1 -9.55476e-11 7.5 1 0 0 
0.4 0.45 1 -8.90192e-11 7.2 1 0 0 
0.3 0.475 1 -1.19992e-10 8.4 1 0 0 
0.325 0.475 1 -1.10647e-10 8.1 1 0 0 
0.35 0.475 1 -1.02496e-10 7.8 1 0 0 
0.375 0.475 1 -9.55562e-11 7.5 1 0 0 
0.4 0.475 1 -8.9815e-11 7.2 1 0 0 
0.3 0.5 1 -1.23684e-10 8.4 1 0 0 
0.325 0.5 1 -1.12095e-10 8.1 1 0 0 
0.35 0.5 1 -1.02723e-10 7.8 1 0 0 
0.375 0.5 1 -9.55621e-11 7.5 1 0 0 
0.4 0.5 1 -9.06131e-11 7.2 1 0 0 
ZONE I=5, J=5
0.4 0.4 1 -8.74275e-11 7.2 1 0 0 
0.425 0.4 1 -8.15125e-11 6.9 1 0 0 
0.45 0.4 1 -7.5732e-11 6.6 1 0 0 
0.475 0.4 1 -7.00897e-11 6.3 1 0 0 
0.5 0.4 1 -6.45741e-11 6 1 0 0 
0.4 0.425 1 -8.82234e-11 7.2 1 0 0 
0.425 0.425 1 -8.2142e-11 6.9 1 0 0 
0.45 0.425 1 -7.6272e-11 6.6 1 0 0 
0.475 0.425 1 -7.06084e-11 6.3 1 0 0 
0.5 0.425 1 -6.51556e-11 6 1 0 0 
0.4 0.45 1 -8.90192e-11 7.2 1 0 0 
0.425 0.45 1 -8.27748e-11 6.9 1 0 0 
0.45 0.45 1 -7.6812e-11 6.6 1 0 0 
0.475 0.45 1 -7.11321e-11 6.3 1 0 0 
0.5 0.45 1 -6.57353e-11 6 1 0 0 
0.4 0.475 1 -8.9815e-11 7.2 1 0 0 
0.425 0.475 1 -8.34066e-11 6.9 1 0 0 
0.45 0.475 1 -7.73521e-11 6.6 1 0 0 
0.475 0.475 1 -7.16547e-11 6.3 1 0 0 
0.5 0.475 1 -6.6315e-11 6 1 0 0 
0.4 0.5 1 -9.06131e-11 7.2 1 0 0 
0.425 0.5 1 -8.40317e-11 6.9 1 0 0 
0.45 0.5 1 -7.78921e-11 6.6 1 0 0 
0.475 0.5 1 -7.21769e-11 6.3 1 0 0 
0.5 0.5 1 -6.68929e-11 6 1 0 0 
ZONE I=5, J=5
0.5 0.4 1 -6.45741e-11 6 1 0 0 
0.525 0.4 1 -5.95271e-11 5.7 1 0 0 
0.55 0.4 1 -5.47361e-11 5.4 1 0 0 
0.575 0.4 1 -5.02158e-11 5.1 1 0 0 
0.6 0.4 1 -4.5949e-11 4.8 1 0 0 
0.5 0.425 1 -6.51556e-11 6 1 0 0 
0.525 0.425 1 -6.00743e-11 5.7 1 0 0 
0.55 0.425 1 -5.52636e-11 5.4 1 0 0 
0.575 0.425 1 -5.07144e-11 5.1 1 0 0 
0.6 0.425 1 -4.64328e-11 4.8 1 0 0 
0.5 0.45 1 -6.57353e-11 6 1 0 0 
0.525 0.45 1 -6.06284e-11 5.7 1 0 0 
0.55 0.45 1 -5.57918e-11 5.4 1 0 0 
0.575 0.45 1 -5.12198e-11 5.1 1 0 0 
0.6 0.45 1 -4.69154e-11 4.8 1 0 0 
0.5 0.475 1 -6.6315e-11 6 1 0 0 
0.525 0.475 1 -6.11786e-11 5.7 1 0 0 
0.55 0.475 1 -5.632e-11 5.4 1 0 0 
0.575 0.475 1 -5.1724e-11 5.1 1 0 0 
0.6 0.475 1 -4.73979e-11 4.8 1 0 0 
0.5 0.5 1 -6.68929e-11 6 1 0 0 
0.525 0.5 1 -6.17355e-11 5.7 1 0 0 
0.55 0.5 1 -5.68482e-11 5.4 1 0 0 
0.575 0.5 1 -5.22284e-11 5.1 1 0 0 
0.6 0.5 1 -4.78787e-11 4.8 1 0 0 
ZONE I=5, J=5
0.6 0.4 1 -4.5949e-11 4.8 1 0 0 
0.625 0.4 1 -4.19576e-11 4.5 1 0 0 
0.65 0.4 1 -3.81674e-11 4.2 1 0 0 
0.675 0.4 1 -3.45842e-11 3.9 1 0 0 
0.7 0.4 1 -3.12047e-11 3.6 1 0 0 
0.6 0.425 1 -4.64328e-11 4.8 1 0 0 
0.625 0.425 1 -4.24046e-11 4.5 1 0 0 
0.65 0.425 1 -3.85837e-11 4.2 1 0 0 
0.675 0.425 1 -3.49719e-11 3.9 1 0 0 
0.7 0.425 1 -3.15623e-11 3.6 1 0 0 
0.6 0.45 1 -4.69154e-11 4.8 1 0 0 
0.625 0.45 1 -4.28525e-11 4.5 1 0 0 
0.65 0.45 1 -3.89993e-11 4.2 1 0 0 
0.675 0.45 1 -3.53554e-11 3.9 1 0 0 
0.7 0.45 1 -3.19188e-11 3.6 1 0 0 
0.6 0.475 1 -4.73979e-11 4.8 1 0 0 
0.625 0.475 1 -4.32994e-11 4.5 1 0 0 
0.65 0.475 1 -3.9415e-11 4.2 1 0 0 
0.675 0.475 1 -3.57412e-11 3.9 1 0 0 
0.7 0.475 1 -3.22764e-11 3.6 1 0 0 
0.6 0.5 1 -4.78787e-11 4.8 1 0 0 
0.625 0.5 1 -4.37505e-11 4.5 1 0 0 
0.65 0.5 1 -3.98283e-11 4.2 1 0 0 
0.675 0.5 1 -3.6124e-11 3.9 1 0 0 
0.7 0.5 1 -3.26352e-11 3.6 1 0 0 
ZONE I=5, J=5
0.7 0.4 1 -3.12053e-11 3.6 1 0 0 
0.725 0.4 1 -2.80133e-11 3.3 1 0 0 
0.75 0.4 1 -2.49631e-11 3 1 0 0 
0.775 0.4 1 -2.20555e-11 2.7 1 0 0 
0.8 0.4 1 -1.92924e-11 2.4 1 0 0 
0.7 0.425 1 -3.15611e-11 3.6 1 0 0 
0.725 0.425 1 -2.8338e-11 3.3 1 0 0 
0.75 0.425 1 -2.52551e-11 3 1 0 0 
0.775 0.425 1 -2.23184e-11 2.7 1 0 0 
0.8 0.425 1 -1.95257e-11 2.4 1 0 0 
0.7 0.45 1 -3.19188e-11 3.6 1 0 0 
0.725 0.45 1 -2.86621e-11 3.3 1 0 0 
0.75 0.45 1 -2.55479e-11 3 1 0 0 
0.775 0.45 1 -2.25803e-11 2.7 1 0 0 
0.8 0.45 1 -1.97578e-11 2.4 1 0 0 
0.7 0.475 1 -3.22764e-11 3.6 1 0 0 
0.725 0.475 1 -2.89857e-11 3.3 1 0 0 
0.75 0.475 1 -2.58407e-11 3 1 0 0 
0.775 0.475 1 -2.28422e-11 2.7 1 0 0 
0.8 0.475 1 -1.99899e-11 2.4 1 0 0 
0.7 0.5 1 -3.26352e-11 3.6 1 0 0 
0.725 0.5 1 -2.93102e-11 3.3 1 0 0 
0.75 0.5 1 -2.61338e-11 3 1 0 0 
0.775 0.5 1 -2.31021e-11 2.7 1 0 0 
0.8 0.5 1 -2.0222e-11 2.4 1 0 0 
ZONE I=5, J=5
0.8 0.4 1 -1.92912e-11 2.4 1 0 0 
0.825 0.4 1 -1.66538e-11 2.1 1 0 0 
0.85 0.4 1 -1.40868e-11 1.8 1 0 0 
0.875 0.4 1 -1.16086e-11 1.5 1 0 0 
0.9 0.4 1 -9.20464e-12 1.2 1 0 0 
0.8 0.425 1 -1.95257e-11 2.4 1 0 0 
0.825 0.425 1 -1.68503e-11 2.1 1 0 0 
0.85 0.425 1 -1.4257e-11 1.8 1 0 0 
0.875 0.425 1 -1.17463e-11 1.5 1 0 0 
0.9 0.425 1 -9.31906e-12 1.2 1 0 0 
0.8 0.45 1 -1.97578e-11 2.4 1 0 0 
0.825 0.45 1 -1.70512e-11 2.1 1 0 0 
0.85 0.45 1 -1.4427e-11 1.8 1 0 0 
0.875 0.45 1 -1.18877e-11 1.5 1 0 0 
0.9 0.45 1 -9.43245e-12 1.2 1 0 0 
0.8 0.475 1 -1.99899e-11 2.4 1 0 0 
0.825 0.475 1 -1.72517e-11 2.1 1 0 0 
0.85 0.475 1 -1.45975e-11 1.8 1 0 0 
0.875 0.475 1 -1.20286e-11 1.5 1 0 0 
0.9 0.475 1 -9.54585e-12 1.2 1 0 0 
0.8 0.5 1 -2.0222e-11 2.4 1 0 0 
0.825 0.5 1 -1.74506e-11 2.1 1 0 0 
0.85 0.5 1 -1.47669e-11 1.8 1 0 0 
0.875 0.5 1 -1.21728e-11 1.5 1 0 0 
0.9 0.5 1 -9.65864e-12 1.2 1 0 0 
ZONE I=5, J=5
0.9 0.4 1 -9.20567e-12 1.2 1 0 0 
0.925 0.4 1 -6.86147e-12 0.9 1 0 0 
0.95 0.4 1 -4.54969e-12 0.6 1 0 0 
0.975 0.4 1 -2.25716e-12 0.3 1 0 0 
1 0.4 1 -0 0 1 0 0 
0.9 0.425 1 -9.31906e-12 1.2 1 0 0 
0.925 0.425 1 -6.94852e-12 0.9 1 0 0 
0.95 0.425 1 -4.60476e-12 0.6 1 0 0 
0.975 0.425 1 -2.29093e-12 0.3 1 0 0 
1 0.425 1 -0 0 1 0 0 
0.9 0.45 1 -9.43245e-12 1.2 1 0 0 
0.925 0.45 1 -7.03304e-12 0.9 1 0 0 
0.95 0.45 1 -4.66116e-12 0.6 1 0 0 
0.975 0.45 1 -2.31792e-12 0.3 1 0 0 
1 0.45 1 -0 0 1 0 0 
0.9 0.475 1 -9.54585e-12 1.2 1 0 0 
0.925 0.475 1 -7.11771e-12 0.9 1 0 0 
0.95 0.475 1 -4.71756e-12 0.6 1 0 0 
0.975 0.475 1 -2.34701e-12 0.3 1 0 0 
1 0.475 1 -0 0 1 0 0 
0.9 0.5 1 -9.65864e-12 1.2 1 0 0 
0.925 0.5 1 -7.20017e-12 0.9 1 0 0 
0.95 0.5 1 -4.77396e-12 0.6 1 0 0 
0.975 0.5 1 -2.37751e-12 0.3 1 0 0 
1 0.5 1 -0 0 1 0 0 
ZONE I=5, J=5
0 0.5 1 1.18571e-08 12 1 0 0 
0.025 0.5 1 3.86389e-09 11.7 1 0 0 
0.05 0.5 1 -6.35808e-10 11.4 1 0 0 
0.075 0.5 1 -1.64199e-09 11.1 1 0 0 
0.1 0.5 1 8.45348e-10 10.8 1 0 0 
0 0.525 1 5.84019e-09 12 1 0 0 
0.025 0.525 1 1.84391e-09 11.7 1 0 0 
0.05 0.525 1 -4.05073e-10 11.4 1 0 0 
0.075 0.525 1 -9.06763e-10 11.1 1 0 0 
0.1 0.525 1 3.38848e-10 10.8 1 0 0 
0 0.55 1 -1.76706e-10 12 1 0 0 
0.025 0.55 1 -1.76065e-10 11.7 1 0 0 
0.05 0.55 1 -1.7434e-10 11.4 1 0 0 
0.075 0.55 1 -1.71535e-10 11.1 1 0 0 
0.1 0.55 1 -1.67647e-10 10.8 1 0 0 
0 0.575 1 -6.1936e-09 12 1 0 0 
0.025 0.575 1 -2.19604e-09 11.7 1 0 0 
0.05 0.575 1 5.63934e-11 11.4 1 0 0 
0.075 0.575 1 5.63693e-10 11.1 1 0 0 
0.1 0.575 1 -6.74142e-10 10.8 1 0 0 
0 0.6 1 -1.22105e-08 12 1 0 0 
0.025 0.6 1 -4.21602e-09 11.7 1 0 0 
0.05 0.6 1 2.87126e-10 11.4 1 0 0 
0.075 0.6 1 1.29892e-09 11.1 1 0 0 
0.1 0.6 1 -1.18064e-09 10.8 1 0 0 
ZONE I=5, J=5
0.1 0.5 1 8.45339e-10 10.8 1 0 0 
0.125 0.5 1 1.78803e-10 10.5 1 0 0 
0.15 0.5 1 -1.94036e-10 10.2 1 0 0 
0.175 0.5 1 -2.73169e-10 9.9 1 0 0 
0.2 0.5 1 -5.86079e-11 9.6 1 0 0 
0.1 0.525 1 3.38848e-10 10.8 1 0 0 
0.125 0.525 1 7.99448e-12 10.5 1 0 0 
0.15 0.525 1 -1.75705e-10 10.2 1 0 0 
0.175 0.525 1 -2.12255e-10 9.9 1 0 0 
0.2 0.525 1 -1.01653e-10 9.6 1 0 0 
0.1 0.55 1 -1.67647e-10 10.8 1 0 0 
0.125 0.55 1 -1.62813e-10 10.5 1 0 0 
0.15 0.55 1 -1.57377e-10 10.2 1 0 0 
0.175 0.55 1 -1.51339e-10 9.9 1 0 0 
0.2 0.55 1 -1.44696e-10 9.6 1 0 0 
0.1 0.575 1 -6.74142e-10 10.8 1 0 0 
0.125 0.575 1 -3.33625e-10 10.5 1 0 0 
0.15 0.575 1 -1.39048e-10 10.2 1 0 0 
0.175 0.575 1 -9.04249e-11 9.9 1 0 0 
0.2 0.575 1 -1.8774e-10 9.6 1 0 0 
0.1 0.6 1 -1.18064e-09 10.8 1 0 0 
0.125 0.6 1 -5.04433e-10 10.5 1 0 0 
0.15 0.6 1 -1.20721e-10 10.2 1 0 0 
0.175 0.6 1 -2.95006e-11 9.9 1 0 0 
0.2 0.6 1 -2.30784e-10 9.6 1 0 0 
ZONE I=5, J=5
0.2 0.5 1 -5.86079e-11 9.6 1 0 0 
0.225 0.5 1 -1.08448e-10 9.3 1 0 0 
0.25 0.5 1 -1.33535e-10 9 1 0 0 
0.275 0.5 1 -1.33875e-10 8.7 1 0 0 
0.3 0.5 1 -1.09463e-10 8.4 1 0 0 
0.2 0.525 1 -1.01653e-10 9.6 1 0 0 
0.225 0.525 1 -1.23092e-10 9.3 1 0 0 
0.25 0.525 1 -1.32111e-10 9 1 0 0 
0.275 0.525 1 -1.28708e-10 8.7 1 0 0 
0.3 0.525 1 -1.12886e-10 8.4 1 0 0 
0.2 0.55 1 -1.44696e-10 9.6 1 0 0 
0.225 0.55 1 -1.37741e-10 9.3 1 0 0 
0.25 0.55 1 -1.3069e-10 9 1 0 0 
0.275 0.55 1 -1.23546e-10 8.7 1 0 0 
0.3 0.55 1 -1.16311e-10 8.4 1 0 0 
0.2 0.575 1 -1.8774e-10 9.6 1 0 0 
0.225 0.575 1 -1.52387e-10 9.3 1 0 0 
0.25 0.575 1 -1.29269e-10 9 1 0 0 
0.275 0.575 1 -1.18386e-10 8.7 1 0 0 
0.3 0.575 1 -1.19736e-10 8.4 1 0 0 
0.2 0.6 1 -2.30784e-10 9.6 1 0 0 
0.225 0.6 1 -1.67038e-10 9.3 1 0 0 
0.25 0.6 1 -1.27846e-10 9 1 0 0 
0.275 0.6 1 -1.13221e-10 8.7 1 0 0 
0.3 0.6 1 -1.23158e-10 8.4 1 0 0 
ZONE I=5, J=5
0.3 0.5 1 -1.09463e-10 8.4 1 0 0 
0.325 0.5 1 -1.07326e-10 8.1 1 0 0 
0.35 0.5 1 -1.03273e-10 7.8 1 0 0 
0.375 0.5 1 -9.73002e-11 7.5 1 0 0 
0.4 0.5 1 -8.94123e-11 7.2 1 0 0 
0.3 0.525 1 -1.12886e-10 8.4 1 0 0 
0.325 0.525 1 -1.08258e-10 8.1 1 0 0 
0.35 0.525 1 -1.02768e-10 7.8 1 0 0 
0.375 0.525 1 -9.64258e-11 7.5 1 0 0 
0.4 0.525 1 -8.92134e-11 7.2 1 0 0 
0.3 0.55 1 -1.16311e-10 8.4 1 0 0 
0.325 0.55 1 -1.09191e-10 8.1 1 0 0 
0.35 0.55 1 -1.02268e-10 7.8 1 0 0 
0.375 0.55 1 -9.55428e-11 7.5 1 0 0 
0.4 0.55 1 -8.90144e-11 7.2 1 0 0 
0.3 0.575 1 -1.19736e-10 8.4 1 0 0 
0.325 0.575 1 -1.10125e-10 8.1 1 0 0 
0.35 0.575 1 -1.01769e-10 7.8 1 0 0 
0.375 0.575 1 -9.46674e-11 7.5 1 0 0 
0.4 0.575 1 -8.88155e-11 7.2 1 0 0 
0.3 0.6 1 -1.23158e-10 8.4 1 0 0 
0.325 0.6 1 -1.11052e-10 8.1 1 0 0 
0.35 0.6 1 -1.01267e-10 7.8 1 0 0 
0.375 0.6 1 -9.37893e-11 7.5 1 0 0 
0.4 0.6 1 -8.86165e-11 7.2 1 0 0 
ZONE I=5, J=5
0.4 0.5 1 -8.94147e-11 7.2 1 0 0 
0.425 0.5 1 -8.3635e-11 6.9 1 0 0 
0.45 0.5 1 -7.79323e-11 6.6 1 0 0 
0.475 0.5 1 -7.23241e-11 6.3 1 0 0 
0.5 0.5 1 -6.67892e-11 6 1 0 0 
0.4 0.525 1 -8.92134e-11 7.2 1 0 0 
0.425 0.525 1 -8.32006e-11 6.9 1 0 0 
0.45 0.525 1 -7.7371e-11 6.6 1 0 0 
0.475 0.525 1 -7.17251e-11 6.3 1 0 0 
0.5 0.525 1 -6.62617e-11 6 1 0 0 
0.4 0.55 1 -8.90144e-11 7.2 1 0 0 
0.425 0.55 1 -8.27706e-11 6.9 1 0 0 
0.45 0.55 1 -7.68097e-11 6.6 1 0 0 
0.475 0.55 1 -7.11312e-11 6.3 1 0 0 
0.5 0.55 1 -6.57341e-11 6 1 0 0 
0.4 0.575 1 -8.88155e-11 7.2 1 0 0 
0.425 0.575 1 -8.23438e-11 6.9 1 0 0 
0.45 0.575 1 -7.62483e-11 6.6 1 0 0 
0.475 0.575 1 -7.05374e-11 6.3 1 0 0 
0.5 0.575 1 -6.52065e-11 6 1 0 0 
0.4 0.6 1 -8.86165e-11 7.2 1 0 0 
0.425 0.6 1 -8.1912e-11 6.9 1 0 0 
0.45 0.6 1 -7.5687e-11 6.6 1 0 0 
0.475 0.6 1 -6.99423e-11 6.3 1 0 0 
0.5 0.6 1 -6.46783e-11 6 1 0 0 
ZONE I=5, J=5
0.5 0.5 1 -6.67892e-11 6 1 0 0 
0.525 0.5 1 -6.16982e-11 5.7 1 0 0 
0.55 0.5 1 -5.68428e-11 5.4 1 0 0 
0.575 0.5 1 -5.22347e-11 5.1 1 0 0 
0.6 0.5 1 -4.78574e-11 4.8 1 0 0 
0.5 0.525 1 -6.62617e-11 6 1 0 0 
0.525 0.525 1 -6.11617e-11 5.7 1 0 0 
0.55 0.525 1 -5.63188e-11 5.4 1 0 0 
0.575 0.525 1 -5.17269e-11 5.1 1 0 0 
0.6 0.525 1 -4.73873e-11 4.8 1 0 0 
0.5 0.55 1 -6.57341e-11 6 1 0 0 
0.525 0.55 1 -6.06312e-11 5.7 1 0 0 
0.55 0.55 1 -5.5796e-11 5.4 1 0 0 
0.575 0.55 1 -5.12251e-11 5.1 1 0 0 
0.6 0.55 1 -4.69177e-11 4.8 1 0 0 
0.5 0.575 1 -6.52065e-11 6 1 0 0 
0.525 0.575 1 -6.00989e-11 5.7 1 0 0 
0.55 0.575 1 -5.52731e-11 5.4 1 0 0 
0.575 0.575 1 -5.07215e-11 5.1 1 0 0 
0.6 0.575 1 -4.64482e-11 4.8 1 0 0 
0.5 0.6 1 -6.46783e-11 6 1 0 0 
0.525 0.6 1 -5.95684e-11 5.7 1 0 0 
0.55 0.6 1 -5.47473e-11 5.4 1 0 0 
0.575 0.6 1 -5.02146e-11 5.1 1 0 0 
0.6 0.6 1 -4.59792e-11 4.8 1 0 0 
ZONE I=5, J=5
0.6 0.5 1 -4.78574e-11 4.8 1 0 0 
0.625 0.5 1 -4.37463e-11 4.5 1 0 0 
0.65 0.5 1 -3.98354e-11 4.2 1 0 0 
0.675 0.5 1 -3.61295e-11 3.9 1 0 0 
0.7 0.5 1 -3.26198e-11 3.6 1 0 0 
0.6 0.525 1 -4.73873e-11 4.8 1 0 0 
0.625 0.525 1 -4.3301e-11 4.5 1 0 0 
0.65 0.525 1 -3.94185e-11 4.2 1 0 0 
0.675 0.525 1 -3.57428e-11 3.9 1 0 0 
0.7 0.525 1 -3.22681e-11 3.6 1 0 0 
0.6 0.55 1 -4.69177e-11 4.8 1 0 0 
0.625 0.55 1 -4.2854e-11 4.5 1 0 0 
0.65 0.55 1 -3.90005e-11 4.2 1 0 0 
0.675 0.55 1 -3.53554e-11 3.9 1 0 0 
0.7 0.55 1 -3.19176e-11 3.6 1 0 0 
0.6 0.575 1 -4.64482e-11 4.8 1 0 0 
0.625 0.575 1 -4.24082e-11 4.5 1 0 0 
0.65 0.575 1 -3.85825e-11 4.2 1 0 0 
0.675 0.575 1 -3.49688e-11 3.9 1 0 0 
0.7 0.575 1 -3.1567e-11 3.6 1 0 0 
0.6 0.6 1 -4.59792e-11 4.8 1 0 0 
0.625 0.6 1 -4.19641e-11 4.5 1 0 0 
0.65 0.6 1 -3.81644e-11 4.2 1 0 0 
0.675 0.6 1 -3.45792e-11 3.9 1 0 0 
0.7 0.6 1 -3.12153e-11 3.6 1 0 0 
ZONE I=5, J=5
0.7 0.5 1 -3.2621e-11 3.6 1 0 0 
0.725 0.5 1 -2.93041e-11 3.3 1 0 0 
0.75 0.5 1 -2.61293e-11 3 1 0 0 
0.775 0.5 1 -2.30974e-11 2.7 1 0 0 
0.8 0.5 1 -2.02102e-11 2.4 1 0 0 
0.7 0.525 1 -3.22681e-11 3.6 1 0 0 
0.725 0.525 1 -2.89818e-11 3.3 1 0 0 
0.75 0.525 1 -2.58377e-11 3 1 0 0 
0.775 0.525 1 -2.28395e-11 2.7 1 0 0 
0.8 0.525 1 -1.99846e-11 2.4 1 0 0 
0.7 0.55 1 -3.19176e-11 3.6 1 0 0 
0.725 0.55 1 -2.86608e-11 3.3 1 0 0 
0.75 0.55 1 -2.55473e-11 3 1 0 0 
0.775 0.55 1 -2.25799e-11 2.7 1 0 0 
0.8 0.55 1 -1.97572e-11 2.4 1 0 0 
0.7 0.575 1 -3.1567e-11 3.6 1 0 0 
0.725 0.575 1 -2.83397e-11 3.3 1 0 0 
0.75 0.575 1 -2.52568e-11 3 1 0 0 
0.775 0.575 1 -2.23211e-11 2.7 1 0 0 
0.8 0.575 1 -1.95299e-11 2.4 1 0 0 
0.7 0.6 1 -3.12153e-11 3.6 1 0 0 
0.725 0.6 1 -2.8016e-11 3.3 1 0 0 
0.75 0.6 1 -2.49661e-11 3 1 0 0 
0.775 0.6 1 -2.2057e-11 2.7 1 0 0 
0.8 0.6 1 -1.93019e-11 2.4 1 0 0 
ZONE I=5, J=5
0.8 0.5 1 -2.0209e-11 2.4 1 0 0 
0.825 0.5 1 -1.74479e-11 2.1 1 0 0 
0.85 0.5 1 -1.47636e-11 1.8 1 0 0 
0.875 0.5 1 -1.21699e-11 1.5 1 0 0 
0.9 0.5 1 -9.65198e-12 1.2 1 0 0 
0.8 0.525 1 -1.99846e-11 2.4 1 0 0 
0.825 0.525 1 -1.7249e-11 2.1 1 0 0 
0.85 0.525 1 -1.45945e-11 1.8 1 0 0 
0.875 0.525 1 -1.20262e-11 1.5 1 0 0 
0.9 0.525 1 -9.54289e-12 1.2 1 0 0 
0.8 0.55 1 -1.97572e-11 2.4 1 0 0 
0.825 0.55 1 -1.70504e-11 2.1 1 0 0 
0.85 0.55 1 -1.44264e-11 1.8 1 0 0 
0.875 0.55 1 -1.18871e-11 1.5 1 0 0 
0.9 0.55 1 -9.43201e-12 1.2 1 0 0 
0.8 0.575 1 -1.95299e-11 2.4 1 0 0 
0.825 0.575 1 -1.6853e-11 2.1 1 0 0 
0.85 0.575 1 -1.42582e-11 1.8 1 0 0 
0.875 0.575 1 -1.17473e-11 1.5 1 0 0 
0.9 0.575 1 -9.32114e-12 1.2 1 0 0 
0.8 0.6 1 -1.93019e-11 2.4 1 0 0 
0.825 0.6 1 -1.66522e-11 2.1 1 0 0 
0.85 0.6 1 -1.40901e-11 1.8 1 0 0 
0.875 0.6 1 -1.16112e-11 1.5 1 0 0 
0.9 0.6 1 -9.20982e-12 1.2 1 0 0 
ZONE I=5, J=5
0.9 0.5 1 -9.65317e-12 1.2 1 0 0 
0.925 0.5 1 -7.19587e-12 0.9 1 0 0 
0.95 0.5 1 -4.77166e-12 0.6 1 0 0 
0.975 0.5 1 -2.36796e-12 0.3 1 0 0 
1 0.5 1 -0 0 1 0 0 
0.9 0.525 1 -9.54289e-12 1.2 1 0 0 
0.925 0.525 1 -7.11549e-12 0.9 1 0 0 
0.95 0.525 1 -4.71578e-12 0.6 1 0 0 
0.975 0.525 1 -2.34614e-12 0.3 1 0 0 
1 0.525 1 -0 0 1 0 0 
0.9 0.55 1 -9.43201e-12 1.2 1 0 0 
0.925 0.55 1 -7.03274e-12 0.9 1 0 0 
0.95 0.55 1 -4.66109e-12 0.6 1 0 0 
0.975 0.55 1 -2.31792e-12 0.3 1 0 0 
1 0.55 1 -0 0 1 0 0 
0.9 0.575 1 -9.32114e-12 1.2 1 0 0 
0.925 0.575 1 -6.95e-12 0.9 1 0 0 
0.95 0.575 1 -4.60639e-12 0.6 1 0 0 
0.975 0.575 1 -2.2918e-12 0.3 1 0 0 
1 0.575 1 -0 0 1 0 0 
0.9 0.6 1 -9.20982e-12 1.2 1 0 0 
0.925 0.6 1 -6.86503e-12 0.9 1 0 0 
0.95 0.6 1 -4.55162e-12 0.6 1 0 0 
0.975 0.6 1 -2.26693e-12 0.3 1 0 0 
1 0.6 1 -0 0 1 0 0 
ZONE I=5, J=5
0 0.6 1 1.18491e-08 12 1 0 0 
0.025 0.6 1 3.85577e-09 11.7 1 0 0 
0.05 0.6 1 -6.43723e-10 11.4 1 0 0 
0.075 0.6 1 -1.64936e-09 11.1 1 0 0 
0.1 0.6 1 8.38868e-10 10.8 1 0 0 
0 0.625 1 5.82619e-09 12 1 0 0 
0.025 0.625 1 1.83014e-09 11.7 1 0 0 
0.05 0.625 1 -4.18199e-10 11.4 1 0 0 
0.075 0.625 1 -9.18831e-10 11.1 1 0 0 
0.1 0.625 1 3.28254e-10 10.8 1 0 0 
0 0.65 1 -1.96745e-10 12 1 0 0 
0.025 0.65 1 -1.95488e-10 11.7 1 0 0 
0.05 0.65 1 -1.92671e-10 11.4 1 0 0 
0.075 0.65 1 -1.88294e-10 11.1 1 0 0 
0.1 0.65 1 -1.82357e-10 10.8 1 0 0 
0 0.675 1 -6.21968e-09 12 1 0 0 
0.025 0.675 1 -2.22112e-09 11.7 1 0 0 
0.05 0.675 1 3.28555e-11 11.4 1 0 0 
0.075 0.675 1 5.42238e-10 11.1 1 0 0 
0.1 0.675 1 -6.92969e-10 10.8 1 0 0 
0 0.7 1 -1.22426e-08 12 1 0 0 
0.025 0.7 1 -4.24675e-09 11.7 1 0 0 
0.05 0.7 1 2.58386e-10 11.4 1 0 0 
0.075 0.7 1 1.27277e-09 11.1 1 0 0 
0.1 0.7 1 -1.20357e-09 10.8 1 0 0 
ZONE I=5, J=5
0.1 0.6 1 8.38863e-10 10.8 1 0 0 
0.125 0.6 1 1.7304e-10 10.5 1 0 0 
0.15 0.6 1 -1.98963e-10 10.2 1 0 0 
0.175 0.6 1 -2.77153e-10 9.9 1 0 0 
0.2 0.6 1 -6.15212e-11 9.6 1 0 0 
0.1 0.625 1 3.28252e-10 10.8 1 0 0 
0.125 0.625 1 -9.74053e-13 10.5 1 0 0 
0.15 0.625 1 -1.83026e-10 10.2 1 0 0 
0.175 0.625 1 -2.17903e-10 9.9 1 0 0 
0.2 0.625 1 -1.05601e-10 9.6 1 0 0 
0.1 0.65 1 -1.82357e-10 10.8 1 0 0 
0.125 0.65 1 -1.74991e-10 10.5 1 0 0 
0.15 0.65 1 -1.6709e-10 10.2 1 0 0 
0.175 0.65 1 -1.58653e-10 9.9 1 0 0 
0.2 0.65 1 -1.49681e-10 9.6 1 0 0 
0.1 0.675 1 -6.92969e-10 10.8 1 0 0 
0.125 0.675 1 -3.49009e-10 10.5 1 0 0 
0.15 0.675 1 -1.51151e-10 10.2 1 0 0 
0.175 0.675 1 -9.94037e-11 9.9 1 0 0 
0.2 0.675 1 -1.93758e-10 9.6 1 0 0 
0.1 0.7 1 -1.20357e-09 10.8 1 0 0 
0.125 0.7 1 -5.2302e-10 10.5 1 0 0 
0.15 0.7 1 -1.35212e-10 10.2 1 0 0 
0.175 0.7 1 -4.01492e-11 9.9 1 0 0 
0.2 0.7 1 -2.37838e-10 9.6 1 0 0 
ZONE I=5, J=5
0.2 0.6 1 -6.15247e-11 9.6 1 0 0 
0.225 0.6 1 -1.10457e-10 9.3 1 0 0 
0.25 0.6 1 -1.3472e-10 9 1 0 0 
0.275 0.6 1 -1.34301e-10 8.7 1 0 0 
0.3 0.6 1 -1.09204e-10 8.4 1 0 0 
0.2 0.625 1 -1.05601e-10 9.6 1 0 0 
0.225 0.625 1 -1.25531e-10 9.3 1 0 0 
0.25 0.625 1 -1.3322e-10 9 1 0 0 
0.275 0.625 1 -1.28664e-10 8.7 1 0 0 
0.3 0.625 1 -1.1187e-10 8.4 1 0 0 
0.2 0.65 1 -1.49679e-10 9.6 1 0 0 
0.225 0.65 1 -1.40596e-10 9.3 1 0 0 
0.25 0.65 1 -1.31713e-10 9 1 0 0 
0.275 0.65 1 -1.23025e-10 8.7 1 0 0 
0.3 0.65 1 -1.14543e-10 8.4 1 0 0 
0.2 0.675 1 -1.93758e-10 9.6 1 0 0 
0.225 0.675 1 -1.55666e-10 9.3 1 0 0 
0.25 0.675 1 -1.30209e-10 9 1 0 0 
0.275 0.675 1 -1.17394e-10 8.7 1 0 0 
0.3 0.675 1 -1.17211e-10 8.4 1 0 0 
0.2 0.7 1 -2.37838e-10 9.6 1 0 0 
0.225 0.7 1 -1.70735e-10 9.3 1 0 0 
0.25 0.7 1 -1.28703e-10 9 1 0 0 
0.275 0.7 1 -1.11758e-10 8.7 1 0 0 
0.3 0.7 1 -1.1988e-10 8.4 1 0 0 
ZONE I=5, J=5
0.3 0.6 1 -1.09203e-10 8.4 1 0 0 
0.325 0.6 1 -1.06532e-10 8.1 1 0 0 
0.35 0.6 1 -1.02035e-10 7.8 1 0 0 
0.375 0.6 1 -9.57228e-11 7.5 1 0 0 
0.4 0.6 1 -8.75803e-11 7.2 1 0 0 
0.3 0.625 1 -1.1187e-10 8.4 1 0 0 
0.325 0.625 1 -1.06484e-10 8.1 1 0 0 
0.35 0.625 1 -1.00393e-10 7.8 1 0 0 
0.375 0.625 1 -9.35943e-11 7.5 1 0 0 
0.4 0.625 1 -8.60917e-11 7.2 1 0 0 
0.3 0.65 1 -1.14543e-10 8.4 1 0 0 
0.325 0.65 1 -1.06442e-10 8.1 1 0 0 
0.35 0.65 1 -9.875e-11 7.8 1 0 0 
0.375 0.65 1 -9.14685e-11 7.5 1 0 0 
0.4 0.65 1 -8.45984e-11 7.2 1 0 0 
0.3 0.675 1 -1.17211e-10 8.4 1 0 0 
0.325 0.675 1 -1.064e-10 8.1 1 0 0 
0.35 0.675 1 -9.71075e-11 7.8 1 0 0 
0.375 0.675 1 -8.93478e-11 7.5 1 0 0 
0.4 0.675 1 -8.31074e-11 7.2 1 0 0 
0.3 0.7 1 -1.1988e-10 8.4 1 0 0 
0.325 0.7 1 -1.0635e-10 8.1 1 0 0 
0.35 0.7 1 -9.54638e-11 7.8 1 0 0 
0.375 0.7 1 -8.72203e-11 7.5 1 0 0 
0.4 0.7 1 -8.16153e-11 7.2 1 0 0 
ZONE I=5, J=5
0.4 0.6 1 -8.75803e-11 7.2 1 0 0 
0.425 0.6 1 -8.1631e-11 6.9 1 0 0 
0.45 0.6 1 -7.58149e-11 6.6 1 0 0 
0.475 0.6 1 -7.01572e-11 6.3 1 0 0 
0.5 0.6 1 -6.4631e-11 6 1 0 0 
0.4 0.625 1 -8.60917e-11 7.2 1 0 0 
0.425 0.625 1 -7.98885e-11 6.9 1 0 0 
0.45 0.625 1 -7.39486e-11 6.6 1 0 0 
0.475 0.625 1 -6.82755e-11 6.3 1 0 0 
0.5 0.625 1 -6.28653e-11 6 1 0 0 
0.4 0.65 1 -8.45984e-11 7.2 1 0 0 
0.425 0.65 1 -7.81484e-11 6.9 1 0 0 
0.45 0.65 1 -7.2081e-11 6.6 1 0 0 
0.475 0.65 1 -6.63973e-11 6.3 1 0 0 
0.5 0.65 1 -6.1099e-11 6 1 0 0 
0.4 0.675 1 -8.31074e-11 7.2 1 0 0 
0.425 0.675 1 -7.64067e-11 6.9 1 0 0 
0.45 0.675 1 -7.02135e-11 6.6 1 0 0 
0.475 0.675 1 -6.45202e-11 6.3 1 0 0 
0.5 0.675 1 -5.93339e-11 6 1 0 0 
0.4 0.7 1 -8.16153e-11 7.2 1 0 0 
0.425 0.7 1 -7.46626e-11 6.9 1 0 0 
0.45 0.7 1 -6.83447e-11 6.6 1 0 0 
0.475 0.7 1 -6.2645e-11 6.3 1 0 0 
0.5 0.7 1 -5.75682e-11 6 1 0 0 
ZONE I=5, J=5
0.5 0.6 1 -6.4631e-11 6 1 0 0 
0.525 0.6 1 -5.95717e-11 5.7 1 0 0 
0.55 0.6 1 -5.47734e-11 5.4 1 0 0 
0.575 0.6 1 -5.02419e-11 5.1 1 0 0 
0.6 0.6 1 -4.5968e-11 4.8 1 0 0 
0.5 0.625 1 -6.28653e-11 6 1 0 0 
0.525 0.625 1 -5.78543e-11 5.7 1 0 0 
0.55 0.625 1 -5.31273e-11 5.4 1 0 0 
0.575 0.625 1 -4.86793e-11 5.1 1 0 0 
0.6 0.625 1 -4.45131e-11 4.8 1 0 0 
0.5 0.65 1 -6.1099e-11 6 1 0 0 
0.525 0.65 1 -5.61401e-11 5.7 1 0 0 
0.55 0.65 1 -5.14818e-11 5.4 1 0 0 
0.575 0.65 1 -4.71205e-11 5.1 1 0 0 
0.6 0.65 1 -4.30565e-11 4.8 1 0 0 
0.5 0.675 1 -5.93339e-11 6 1 0 0 
0.525 0.675 1 -5.44239e-11 5.7 1 0 0 
0.55 0.675 1 -4.98363e-11 5.4 1 0 0 
0.575 0.675 1 -4.556e-11 5.1 1 0 0 
0.6 0.675 1 -4.16011e-11 4.8 1 0 0 
0.5 0.7 1 -5.75682e-11 6 1 0 0 
0.525 0.7 1 -5.27116e-11 5.7 1 0 0 
0.55 0.7 1 -4.8189e-11 5.4 1 0 0 
0.575 0.7 1 -4.4001e-11 5.1 1 0 0 
0.6 0.7 1 -4.01457e-11 4.8 1 0 0 
ZONE I=5, J=5
0.6 0.6 1 -4.59686e-11 4.8 1 0 0 
0.625 0.6 1 -4.19654e-11 4.5 1 0 0 
0.65 0.6 1 -3.81668e-11 4.2 1 0 0 
0.675 0.6 1 -3.45837e-11 3.9 1 0 0 
0.7 0.6 1 -3.12053e-11 3.6 1 0 0 
0.6 0.625 1 -4.45131e-11 4.8 1 0 0 
0.625 0.625 1 -4.06038e-11 4.5 1 0 0 
0.65 0.625 1 -3.69068e-11 4.2 1 0 0 
0.675 0.625 1 -3.34223e-11 3.9 1 0 0 
0.7 0.625 1 -3.01448e-11 3.6 1 0 0 
0.6 0.65 1 -4.30565e-11 4.8 1 0 0 
0.625 0.65 1 -3.92423e-11 4.5 1 0 0 
0.65 0.65 1 -3.56432e-11 4.2 1 0 0 
0.675 0.65 1 -3.22582e-11 3.9 1 0 0 
0.7 0.65 1 -2.90861e-11 3.6 1 0 0 
0.6 0.675 1 -4.16011e-11 4.8 1 0 0 
0.625 0.675 1 -3.78805e-11 4.5 1 0 0 
0.65 0.675 1 -3.43808e-11 4.2 1 0 0 
0.675 0.675 1 -3.1096e-11 3.9 1 0 0 
0.7 0.675 1 -2.80274e-11 3.6 1 0 0 
0.6 0.7 1 -4.01457e-11 4.8 1 0 0 
0.625 0.7 1 -3.65222e-11 4.5 1 0 0 
0.65 0.7 1 -3.31172e-11 4.2 1 0 0 
0.675 0.7 1 -2.99304e-11 3.9 1 0 0 
0.7 0.7 1 -2.69675e-11 3.6 1 0 0 
ZONE I=5, J=5
0.7 0.6 1 -3.12053e-11 3.6 1 0 0 
0.725 0.6 1 -2.80093e-11 3.3 1 0 0 
0.75 0.6 1 -2.49566e-11 3 1 0 0 
0.775 0.6 1 -2.2052e-11 2.7 1 0 0 
0.8 0.6 1 -1.92915e-11 2.4 1 0 0 
0.7 0.625 1 -3.01448e-11 3.6 1 0 0 
0.725 0.625 1 -2.70471e-11 3.3 1 0 0 
0.75 0.625 1 -2.40927e-11 3 1 0 0 
0.775 0.625 1 -2.12828e-11 2.7 1 0 0 
0.8 0.625 1 -1.8615e-11 2.4 1 0 0 
0.7 0.65 1 -2.90861e-11 3.6 1 0 0 
0.725 0.65 1 -2.60863e-11 3.3 1 0 0 
0.75 0.65 1 -2.32279e-11 3 1 0 0 
0.775 0.65 1 -2.05114e-11 2.7 1 0 0 
0.8 0.65 1 -1.79356e-11 2.4 1 0 0 
0.7 0.675 1 -2.80274e-11 3.6 1 0 0 
0.725 0.675 1 -2.5126e-11 3.3 1 0 0 
0.75 0.675 1 -2.23631e-11 3 1 0 0 
0.775 0.675 1 -1.97409e-11 2.7 1 0 0 
0.8 0.675 1 -1.72567e-11 2.4 1 0 0 
0.7 0.7 1 -2.69675e-11 3.6 1 0 0 
0.725 0.7 1 -2.41619e-11 3.3 1 0 0 
0.75 0.7 1 -2.14987e-11 3 1 0 0 
0.775 0.7 1 -1.89682e-11 2.7 1 0 0 
0.8 0.7 1 -1.6577e-11 2.4 1 0 0 
ZONE I=5, J=5
0.8 0.6 1 -1.92903e-11 2.4 1 0 0 
0.825 0.6 1 -1.66474e-11 2.1 1 0 0 
0.85 0.6 1 -1.40794e-11 1.8 1 0 0 
0.875 0.6 1 -1.16022e-11 1.5 1 0 0 
0.9 0.6 1 -9.20138e-12 1.2 1 0 0 
0.8 0.625 1 -1.8615e-11 2.4 1 0 0 
0.825 0.625 1 -1.6057e-11 2.1 1 0 0 
0.85 0.625 1 -1.35802e-11 1.8 1 0 0 
0.875 0.625 1 -1.11857e-11 1.5 1 0 0 
0.9 0.625 1 -8.87468e-12 1.2 1 0 0 
0.8 0.65 1 -1.79356e-11 2.4 1 0 0 
0.825 0.65 1 -1.54686e-11 2.1 1 0 0 
0.85 0.65 1 -1.30808e-11 1.8 1 0 0 
0.875 0.65 1 -1.07737e-11 1.5 1 0 0 
0.9 0.65 1 -8.54679e-12 1.2 1 0 0 
0.8 0.675 1 -1.72567e-11 2.4 1 0 0 
0.825 0.675 1 -1.48807e-11 2.1 1 0 0 
0.85 0.675 1 -1.25813e-11 1.8 1 0 0 
0.875 0.675 1 -1.03613e-11 1.5 1 0 0 
0.9 0.675 1 -8.21891e-12 1.2 1 0 0 
0.8 0.7 1 -1.6577e-11 2.4 1 0 0 
0.825 0.7 1 -1.42898e-11 2.1 1 0 0 
0.85 0.7 1 -1.20816e-11 1.8 1 0 0 
0.875 0.7 1 -9.95115e-12 1.5 1 0 0 
0.9 0.7 1 -7.89058e-12 1.2 1 0 0 
ZONE I=5, J=5
0.9 0.6 1 -9.20197e-12 1.2 1 0 0 
0.925 0.6 1 -6.85814e-12 0.9 1 0 0 
0.95 0.6 1 -4.54681e-12 0.6 1 0 0 
0.975 0.6 1 -2.2556e-12 0.3 1 0 0 
1 0.6 1 -0 0 1 0 0 
0.9 0.625 1 -8.87468e-12 1.2 1 0 0 
0.925 0.625 1 -6.61589e-12 0.9 1 0 0 
0.95 0.625 1 -4.38375e-12 0.6 1 0 0 
0.975 0.625 1 -2.18064e-12 0.3 1 0 0 
1 0.625 1 -0 0 1 0 0 
0.9 0.65 1 -8.54679e-12 1.2 1 0 0 
0.925 0.65 1 -6.37113e-12 0.9 1 0 0 
0.95 0.65 1 -4.22151e-12 0.6 1 0 0 
0.975 0.65 1 -2.09891e-12 0.3 1 0 0 
1 0.65 1 -0 0 1 0 0 
0.9 0.675 1 -8.21891e-12 1.2 1 0 0 
0.925 0.675 1 -6.12665e-12 0.9 1 0 0 
0.95 0.675 1 -4.05942e-12 0.6 1 0 0 
0.975 0.675 1 -2.01942e-12 0.3 1 0 0 
1 0.675 1 -0 0 1 0 0 
0.9 0.7 1 -7.89058e-12 1.2 1 0 0 
0.925 0.7 1 -5.8793e-12 0.9 1 0 0 
0.95 0.7 1 -3.89733e-12 0.6 1 0 0 
0.975 0.7 1 -1.94111e-12 0.3 1 0 0 
1 0.7 1 -0 0 1 0 0 
ZONE I=5, J=5
0 0.7 1 1.18235e-08 12 1 0 0 
0.025 0.7 1 3.82706e-09 11.7 1 0 0 
0.05 0.7 1 -6.72667e-10 11.4 1 0 0 
0.075 0.7 1 -1.67569e-09 11.1 1 0 0 
0.1 0.7 1 8.17998e-10 10.8 1 0 0 
0 0.725 1 5.78534e-09 12 1 0 0 
0.025 0.725 1 1.79001e-09 11.7 1 0 0 
0.05 0.725 1 -4.55891e-10 11.4 1 0 0 
0.075 0.725 1 -9.52374e-10 11.1 1 0 0 
0.1 0.725 1 3.0056e-10 10.8 1 0 0 
0 0.75 1 -2.52806e-10 12 1 0 0 
0.025 0.75 1 -2.47029e-10 11.7 1 0 0 
0.05 0.75 1 -2.39114e-10 11.4 1 0 0 
0.075 0.75 1 -2.29062e-10 11.1 1 0 0 
0.1 0.75 1 -2.16875e-10 10.8 1 0 0 
0 0.775 1 -6.29095e-09 12 1 0 0 
0.025 0.775 1 -2.28407e-09 11.7 1 0 0 
0.05 0.775 1 -2.23371e-11 11.4 1 0 0 
0.075 0.775 1 4.94246e-10 11.1 1 0 0 
0.1 0.775 1 -7.3431e-10 10.8 1 0 0 
0 0.8 1 -1.23291e-08 12 1 0 0 
0.025 0.8 1 -4.32112e-09 11.7 1 0 0 
0.05 0.8 1 1.94438e-10 11.4 1 0 0 
0.075 0.8 1 1.21756e-09 11.1 1 0 0 
0.1 0.8 1 -1.25175e-09 10.8 1 0 0 
ZONE I=5, J=5
0.1 0.7 1 8.17989e-10 10.8 1 0 0 
0.125 0.7 1 1.54339e-10 10.5 1 0 0 
0.15 0.7 1 -2.14699e-10 10.2 1 0 0 
0.175 0.7 1 -2.89097e-10 9.9 1 0 0 
0.2 0.7 1 -6.88729e-11 9.6 1 0 0 
0.1 0.725 1 3.0056e-10 10.8 1 0 0 
0.125 0.725 1 -2.31649e-11 10.5 1 0 0 
0.15 0.725 1 -1.99857e-10 10.2 1 0 0 
0.175 0.725 1 -2.29514e-10 9.9 1 0 0 
0.2 0.725 1 -1.12135e-10 9.6 1 0 0 
0.1 0.75 1 -2.16875e-10 10.8 1 0 0 
0.125 0.75 1 -2.00667e-10 10.5 1 0 0 
0.15 0.75 1 -1.85018e-10 10.2 1 0 0 
0.175 0.75 1 -1.6993e-10 9.9 1 0 0 
0.2 0.75 1 -1.55399e-10 9.6 1 0 0 
0.1 0.775 1 -7.3431e-10 10.8 1 0 0 
0.125 0.775 1 -3.78165e-10 10.5 1 0 0 
0.15 0.775 1 -1.70177e-10 10.2 1 0 0 
0.175 0.775 1 -1.10341e-10 9.9 1 0 0 
0.2 0.775 1 -1.98665e-10 9.6 1 0 0 
0.1 0.8 1 -1.25175e-09 10.8 1 0 0 
0.125 0.8 1 -5.55668e-10 10.5 1 0 0 
0.15 0.8 1 -1.55334e-10 10.2 1 0 0 
0.175 0.8 1 -5.07647e-11 9.9 1 0 0 
0.2 0.8 1 -2.41926e-10 9.6 1 0 0 
ZONE I=5, J=5
0.2 0.7 1 -6.88729e-11 9.6 1 0 0 
0.225 0.7 1 -1.14764e-10 9.3 1 0 0 
0.25 0.7 1 -1.36295e-10 9 1 0 0 
0.275 0.7 1 -1.33445e-10 8.7 1 0 0 
0.3 0.7 1 -1.06214e-10 8.4 1 0 0 
0.2 0.725 1 -1.12135e-10 9.6 1 0 0 
0.225 0.725 1 -1.2812e-10 9.3 1 0 0 
0.25 0.725 1 -1.32493e-10 9 1 0 0 
0.275 0.725 1 -1.2525e-10 8.7 1 0 0 
0.3 0.725 1 -1.06394e-10 8.4 1 0 0 
0.2 0.75 1 -1.554e-10 9.6 1 0 0 
0.225 0.75 1 -1.4147e-10 9.3 1 0 0 
0.25 0.75 1 -1.28689e-10 9 1 0 0 
0.275 0.75 1 -1.17053e-10 8.7 1 0 0 
0.3 0.75 1 -1.06572e-10 8.4 1 0 0 
0.2 0.775 1 -1.98665e-10 9.6 1 0 0 
0.225 0.775 1 -1.54818e-10 9.3 1 0 0 
0.25 0.775 1 -1.24885e-10 9 1 0 0 
0.275 0.775 1 -1.08859e-10 8.7 1 0 0 
0.3 0.775 1 -1.0675e-10 8.4 1 0 0 
0.2 0.8 1 -2.41926e-10 9.6 1 0 0 
0.225 0.8 1 -1.68172e-10 9.3 1 0 0 
0.25 0.8 1 -1.21081e-10 9 1 0 0 
0.275 0.8 1 -1.00663e-10 8.7 1 0 0 
0.3 0.8 1 -1.0693e-10 8.4 1 0 0 
ZONE I=5, J=5
0.3 0.7 1 -1.06215e-10 8.4 1 0 0 
0.325 0.7 1 -1.02097e-10 8.1 1 0 0 
0.35 0.7 1 -9.64704e-11 7.8 1 0 0 
0.375 0.7 1 -8.93179e-11 7.5 1 0 0 
0.4 0.7 1 -8.06632e-11 7.2 1 0 0 
0.3 0.725 1 -1.06394e-10 8.4 1 0 0 
0.325 0.725 1 -9.95739e-11 8.1 1 0 0 
0.35 0.725 1 -9.24108e-11 7.8 1 0 0 
0.375 0.725 1 -8.4905e-11 7.5 1 0 0 
0.4 0.725 1 -7.70607e-11 7.2 1 0 0 
0.3 0.75 1 -1.06572e-10 8.4 1 0 0 
0.325 0.75 1 -9.70492e-11 8.1 1 0 0 
0.35 0.75 1 -8.83548e-11 7.8 1 0 0 
0.375 0.75 1 -8.04915e-11 7.5 1 0 0 
0.4 0.75 1 -7.34583e-11 7.2 1 0 0 
0.3 0.775 1 -1.0675e-10 8.4 1 0 0 
0.325 0.775 1 -9.45247e-11 8.1 1 0 0 
0.35 0.775 1 -8.43012e-11 7.8 1 0 0 
0.375 0.775 1 -7.60784e-11 7.5 1 0 0 
0.4 0.775 1 -6.98558e-11 7.2 1 0 0 
0.3 0.8 1 -1.0693e-10 8.4 1 0 0 
0.325 0.8 1 -9.19987e-11 8.1 1 0 0 
0.35 0.8 1 -8.02416e-11 7.8 1 0 0 
0.375 0.8 1 -7.16642e-11 7.5 1 0 0 
0.4 0.8 1 -6.6251e-11 7.2 1 0 0 
ZONE I=5, J=5
0.4 0.7 1 -8.06644e-11 7.2 1 0 0 
0.425 0.7 1 -7.44607e-11 6.9 1 0 0 
0.45 0.7 1 -6.85366e-11 6.6 1 0 0 
0.475 0.7 1 -6.28958e-11 6.3 1 0 0 
0.5 0.7 1 -5.75321e-11 6 1 0 0 
0.4 0.725 1 -7.70607e-11 7.2 1 0 0 
0.425 0.725 1 -7.07595e-11 6.9 1 0 0 
0.45 0.725 1 -6.48583e-11 6.6 1 0 0 
0.475 0.725 1 -5.9357e-11 6.3 1 0 0 
0.5 0.725 1 -5.42582e-11 6 1 0 0 
0.4 0.75 1 -7.34583e-11 7.2 1 0 0 
0.425 0.75 1 -6.70598e-11 6.9 1 0 0 
0.45 0.75 1 -6.11813e-11 6.6 1 0 0 
0.475 0.75 1 -5.58238e-11 6.3 1 0 0 
0.5 0.75 1 -5.0985e-11 6 1 0 0 
0.4 0.775 1 -6.98558e-11 7.2 1 0 0 
0.425 0.775 1 -6.33591e-11 6.9 1 0 0 
0.45 0.775 1 -5.75042e-11 6.6 1 0 0 
0.475 0.775 1 -5.22871e-11 6.3 1 0 0 
0.5 0.775 1 -4.77118e-11 6 1 0 0 
0.4 0.8 1 -6.6251e-11 7.2 1 0 0 
0.425 0.8 1 -5.96601e-11 6.9 1 0 0 
0.45 0.8 1 -5.38236e-11 6.6 1 0 0 
0.475 0.8 1 -4.87527e-11 6.3 1 0 0 
0.5 0.8 1 -4.44373e-11 6 1 0 0 
ZONE I=5, J=5
0.5 0.7 1 -5.75321e-11 6 1 0 0 
0.525 0.7 1 -5.27232e-11 5.7 1 0 0 
0.55 0.7 1 -4.82162e-11 5.4 1 0 0 
0.575 0.7 1 -4.40137e-11 5.1 1 0 0 
0.6 0.7 1 -4.01196e-11 4.8 1 0 0 
0.5 0.725 1 -5.42594e-11 6 1 0 0 
0.525 0.725 1 -4.96309e-11 5.7 1 0 0 
0.55 0.725 1 -4.53184e-11 5.4 1 0 0 
0.575 0.725 1 -4.13198e-11 5.1 1 0 0 
0.6 0.725 1 -3.76327e-11 4.8 1 0 0 
0.5 0.75 1 -5.0985e-11 6 1 0 0 
0.525 0.75 1 -4.65405e-11 5.7 1 0 0 
0.55 0.75 1 -4.24212e-11 5.4 1 0 0 
0.575 0.75 1 -3.86221e-11 5.1 1 0 0 
0.6 0.75 1 -3.51458e-11 4.8 1 0 0 
0.5 0.775 1 -4.77118e-11 6 1 0 0 
0.525 0.775 1 -4.34478e-11 5.7 1 0 0 
0.55 0.775 1 -3.95216e-11 5.4 1 0 0 
0.575 0.775 1 -3.59239e-11 5.1 1 0 0 
0.6 0.775 1 -3.26577e-11 4.8 1 0 0 
0.5 0.8 1 -4.44373e-11 6 1 0 0 
0.525 0.8 1 -4.0363e-11 5.7 1 0 0 
0.55 0.8 1 -3.66237e-11 5.4 1 0 0 
0.575 0.8 1 -3.32256e-11 5.1 1 0 0 
0.6 0.8 1 -3.01696e-11 4.8 1 0 0 
ZONE I=5, J=5
0.6 0.7 1 -4.01196e-11 4.8 1 0 0 
0.625 0.7 1 -3.65102e-11 4.5 1 0 0 
0.65 0.7 1 -3.31119e-11 4.2 1 0 0 
0.675 0.7 1 -2.99184e-11 3.9 1 0 0 
0.7 0.7 1 -2.69414e-11 3.6 1 0 0 
0.6 0.725 1 -3.76339e-11 4.8 1 0 0 
0.625 0.725 1 -3.42158e-11 4.5 1 0 0 
0.65 0.725 1 -3.10057e-11 4.2 1 0 0 
0.675 0.725 1 -2.80024e-11 3.9 1 0 0 
0.7 0.725 1 -2.5203e-11 3.6 1 0 0 
0.6 0.75 1 -3.51458e-11 4.8 1 0 0 
0.625 0.75 1 -3.19191e-11 4.5 1 0 0 
0.65 0.75 1 -2.88978e-11 4.2 1 0 0 
0.675 0.75 1 -2.60799e-11 3.9 1 0 0 
0.7 0.75 1 -2.34651e-11 3.6 1 0 0 
0.6 0.775 1 -3.26577e-11 4.8 1 0 0 
0.625 0.775 1 -2.96234e-11 4.5 1 0 0 
0.65 0.775 1 -2.67898e-11 4.2 1 0 0 
0.675 0.775 1 -2.41596e-11 3.9 1 0 0 
0.7 0.775 1 -2.17272e-11 3.6 1 0 0 
0.6 0.8 1 -3.01696e-11 4.8 1 0 0 
0.625 0.8 1 -2.73291e-11 4.5 1 0 0 
0.65 0.8 1 -2.46819e-11 4.2 1 0 0 
0.675 0.8 1 -2.22364e-11 3.9 1 0 0 
0.7 0.8 1 -1.99899e-11 3.6 1 0 0 
ZONE I=5, J=5
0.7 0.7 1 -2.6942e-11 3.6 1 0 0 
0.725 0.7 1 -2.41414e-11 3.3 1 0 0 
0.75 0.7 1 -2.14767e-11 3 1 0 0 
0.775 0.7 1 -1.8948e-11 2.7 1 0 0 
0.8 0.7 1 -1.65574e-11 2.4 1 0 0 
0.7 0.725 1 -2.5203e-11 3.6 1 0 0 
0.725 0.725 1 -2.25739e-11 3.3 1 0 0 
0.75 0.725 1 -2.00746e-11 3 1 0 0 
0.775 0.725 1 -1.77076e-11 2.7 1 0 0 
0.8 0.725 1 -1.54715e-11 2.4 1 0 0 
0.7 0.75 1 -2.34651e-11 3.6 1 0 0 
0.725 0.75 1 -2.10066e-11 3.3 1 0 0 
0.75 0.75 1 -1.86728e-11 3 1 0 0 
0.775 0.75 1 -1.64655e-11 2.7 1 0 0 
0.8 0.75 1 -1.43835e-11 2.4 1 0 0 
0.7 0.775 1 -2.17272e-11 3.6 1 0 0 
0.725 0.775 1 -1.94389e-11 3.3 1 0 0 
0.75 0.775 1 -1.72709e-11 3 1 0 0 
0.775 0.775 1 -1.52222e-11 2.7 1 0 0 
0.8 0.775 1 -1.32948e-11 2.4 1 0 0 
0.7 0.8 1 -1.99899e-11 3.6 1 0 0 
0.725 0.8 1 -1.78688e-11 3.3 1 0 0 
0.75 0.8 1 -1.58688e-11 3 1 0 0 
0.775 0.8 1 -1.39752e-11 2.7 1 0 0 
0.8 0.8 1 -1.22071e-11 2.4 1 0 0 
ZONE I=5, J=5
0.8 0.7 1 -1.65562e-11 2.4 1 0 0 
0.825 0.7 1 -1.42783e-11 2.1 1 0 0 
0.85 0.7 1 -1.20665e-11 1.8 1 0 0 
0.875 0.7 1 -9.93701e-12 1.5 1 0 0 
0.9 0.7 1 -7.87444e-12 1.2 1 0 0 
0.8 0.725 1 -1.54715e-11 2.4 1 0 0 
0.825 0.725 1 -1.33342e-11 2.1 1 0 0 
0.85 0.725 1 -1.1268e-11 1.8 1 0 0 
0.875 0.725 1 -9.2748e-12 1.5 1 0 0 
0.9 0.725 1 -7.35441e-12 1.2 1 0 0 
0.8 0.75 1 -1.43835e-11 2.4 1 0 0 
0.825 0.75 1 -1.23928e-11 2.1 1 0 0 
0.85 0.75 1 -1.04701e-11 1.8 1 0 0 
0.875 0.75 1 -8.61711e-12 1.5 1 0 0 
0.9 0.75 1 -6.83305e-12 1.2 1 0 0 
0.8 0.775 1 -1.32948e-11 2.4 1 0 0 
0.825 0.775 1 -1.14521e-11 2.1 1 0 0 
0.85 0.775 1 -9.67167e-12 1.8 1 0 0 
0.875 0.775 1 -7.95852e-12 1.5 1 0 0 
0.9 0.775 1 -6.31169e-12 1.2 1 0 0 
0.8 0.8 1 -1.22071e-11 2.4 1 0 0 
0.825 0.8 1 -1.05088e-11 2.1 1 0 0 
0.85 0.8 1 -8.87468e-12 1.8 1 0 0 
0.875 0.8 1 -7.3026e-12 1.5 1 0 0 
0.9 0.8 1 -5.79033e-12 1.2 1 0 0 
ZONE I=5, J=5
0.9 0.7 1 -7.87489e-12 1.2 1 0 0 
0.925 0.7 1 -5.86738e-12 0.9 1 0 0 
0.95 0.7 1 -3.88948e-12 0.6 1 0 0 
0.975 0.7 1 -1.92816e-12 0.3 1 0 0 
1 0.7 1 -0 0 1 0 0 
0.9 0.725 1 -7.35441e-12 1.2 1 0 0 
0.925 0.725 1 -5.4808e-12 0.9 1 0 0 
0.95 0.725 1 -3.63043e-12 0.6 1 0 0 
0.975 0.725 1 -1.80569e-12 0.3 1 0 0 
1 0.725 1 -0 0 1 0 0 
0.9 0.75 1 -6.83305e-12 1.2 1 0 0 
0.925 0.75 1 -5.09185e-12 0.9 1 0 0 
0.95 0.75 1 -3.37249e-12 0.6 1 0 0 
0.975 0.75 1 -1.67636e-12 0.3 1 0 0 
1 0.75 1 -0 0 1 0 0 
0.9 0.775 1 -6.31169e-12 1.2 1 0 0 
0.925 0.775 1 -4.70276e-12 0.9 1 0 0 
0.95 0.775 1 -3.11455e-12 0.6 1 0 0 
0.975 0.775 1 -1.54913e-12 0.3 1 0 0 
1 0.775 1 -0 0 1 0 0 
0.9 0.8 1 -5.79033e-12 1.2 1 0 0 
0.925 0.8 1 -4.31137e-12 0.9 1 0 0 
0.95 0.8 1 -2.85638e-12 0.6 1 0 0 
0.975 0.8 1 -1.42301e-12 0.3 1 0 0 
1 0.8 1 -0 0 1 0 0 
ZONE I=5, J=5
0 0.8 1 1.18106e-08 12 1 0 0 
0.025 0.8 1 3.76431e-09 11.7 1 0 0 
0.05 0.8 1 -7.55054e-10 11.4 1 0 0 
0.075 0.8 1 -1.74754e-09 11.1 1 0 0 
0.1 0.8 1 7.8688e-10 10.8 1 0 0 
0 0.825 1 5.6843e-09 12 1 0 0 
0.025 0.825 1 1.68954e-09 11.7 1 0 0 
0.05 0.825 1 -5.4708e-10 11.4 1 0 0 
0.075 0.825 1 -1.02556e-09 11.1 1 0 0 
0.1 0.825 1 2.54085e-10 10.8 1 0 0 
0 0.85 1 -4.41981e-10 12 1 0 0 
0.025 0.85 1 -3.85232e-10 11.7 1 0 0 
0.05 0.85 1 -3.39103e-10 11.4 1 0 0 
0.075 0.85 1 -3.03596e-10 11.1 1 0 0 
0.1 0.85 1 -2.78709e-10 10.8 1 0 0 
0 0.875 1 -6.56826e-09 12 1 0 0 
0.025 0.875 1 -2.46001e-09 11.7 1 0 0 
0.05 0.875 1 -1.31126e-10 11.4 1 0 0 
0.075 0.875 1 4.18372e-10 11.1 1 0 0 
0.1 0.875 1 -8.11501e-10 10.8 1 0 0 
0 0.9 1 -1.26945e-08 12 1 0 0 
0.025 0.9 1 -4.53478e-09 11.7 1 0 0 
0.05 0.9 1 7.68523e-11 11.4 1 0 0 
0.075 0.9 1 1.14034e-09 11.1 1 0 0 
0.1 0.9 1 -1.3443e-09 10.8 1 0 0 
ZONE I=5, J=5
0.1 0.8 1 7.86875e-10 10.8 1 0 0 
0.125 0.8 1 1.21432e-10 10.5 1 0 0 
0.15 0.8 1 -2.43499e-10 10.2 1 0 0 
0.175 0.8 1 -3.07924e-10 9.9 1 0 0 
0.2 0.8 1 -7.18252e-11 9.6 1 0 0 
0.1 0.825 1 2.54085e-10 10.8 1 0 0 
0.125 0.825 1 -5.52074e-11 10.5 1 0 0 
0.15 0.825 1 -2.18582e-10 10.2 1 0 0 
0.175 0.825 1 -2.36039e-10 9.9 1 0 0 
0.2 0.825 1 -1.07576e-10 9.6 1 0 0 
0.1 0.85 1 -2.78709e-10 10.8 1 0 0 
0.125 0.85 1 -2.31843e-10 10.5 1 0 0 
0.15 0.85 1 -1.9366e-10 10.2 1 0 0 
0.175 0.85 1 -1.64154e-10 9.9 1 0 0 
0.2 0.85 1 -1.43327e-10 9.6 1 0 0 
0.1 0.875 1 -8.11501e-10 10.8 1 0 0 
0.125 0.875 1 -4.08486e-10 10.5 1 0 0 
0.15 0.875 1 -1.6874e-10 10.2 1 0 0 
0.175 0.875 1 -9.22687e-11 9.9 1 0 0 
0.2 0.875 1 -1.79078e-10 9.6 1 0 0 
0.1 0.9 1 -1.3443e-09 10.8 1 0 0 
0.125 0.9 1 -5.85122e-10 10.5 1 0 0 
0.15 0.9 1 -1.43814e-10 10.2 1 0 0 
0.175 0.9 1 -2.03843e-11 9.9 1 0 0 
0.2 0.9 1 -2.14825e-10 9.6 1 0 0 
ZONE I=5, J=5
0.2 0.8 1 -7.18217e-11 9.6 1 0 0 
0.225 0.8 1 -1.12629e-10 9.3 1 0 0 
0.25 0.8 1 -1.29762e-10 9 1 0 0 
0.275 0.8 1 -1.2324e-10 8.7 1 0 0 
0.3 0.8 1 -9.30385e-11 8.4 1 0 0 
0.2 0.825 1 -1.07576e-10 9.6 1 0 0 
0.225 0.825 1 -1.18115e-10 9.3 1 0 0 
0.25 0.825 1 -1.18327e-10 9 1 0 0 
0.275 0.825 1 -1.08209e-10 8.7 1 0 0 
0.3 0.825 1 -8.77639e-11 8.4 1 0 0 
0.2 0.85 1 -1.43327e-10 9.6 1 0 0 
0.225 0.85 1 -1.23602e-10 9.3 1 0 0 
0.25 0.85 1 -1.06886e-10 9 1 0 0 
0.275 0.85 1 -9.31815e-11 8.7 1 0 0 
0.3 0.85 1 -8.24869e-11 8.4 1 0 0 
0.2 0.875 1 -1.79078e-10 9.6 1 0 0 
0.225 0.875 1 -1.29088e-10 9.3 1 0 0 
0.25 0.875 1 -9.54472e-11 9 1 0 0 
0.275 0.875 1 -7.81526e-11 8.7 1 0 0 
0.3 0.875 1 -7.72076e-11 8.4 1 0 0 
0.2 0.9 1 -2.14825e-10 9.6 1 0 0 
0.225 0.9 1 -1.34578e-10 9.3 1 0 0 
0.25 0.9 1 -8.40098e-11 9 1 0 0 
0.275 0.9 1 -6.31222e-11 8.7 1 0 0 
0.3 0.9 1 -7.1933e-11 8.4 1 0 0 
ZONE I=5, J=5
0.3 0.8 1 -9.30397e-11 8.4 1 0 0 
0.325 0.8 1 -8.76314e-11 8.1 1 0 0 
0.35 0.8 1 -8.11736e-11 7.8 1 0 0 
0.375 0.8 1 -7.3667e-11 7.5 1 0 0 
0.4 0.8 1 -6.51189e-11 7.2 1 0 0 
0.3 0.825 1 -8.77639e-11 8.4 1 0 0 
0.325 0.825 1 -8.03671e-11 8.1 1 0 0 
0.35 0.825 1 -7.30367e-11 7.8 1 0 0 
0.375 0.825 1 -6.57736e-11 7.5 1 0 0 
0.4 0.825 1 -5.857e-11 7.2 1 0 0 
0.3 0.85 1 -8.24869e-11 8.4 1 0 0 
0.325 0.85 1 -7.31086e-11 8.1 1 0 0 
0.35 0.85 1 -6.49057e-11 7.8 1 0 0 
0.375 0.85 1 -5.78752e-11 7.5 1 0 0 
0.4 0.85 1 -5.20224e-11 7.2 1 0 0 
0.3 0.875 1 -7.72076e-11 8.4 1 0 0 
0.325 0.875 1 -6.58487e-11 8.1 1 0 0 
0.35 0.875 1 -5.67724e-11 7.8 1 0 0 
0.375 0.875 1 -4.99814e-11 7.5 1 0 0 
0.4 0.875 1 -4.54724e-11 7.2 1 0 0 
0.3 0.9 1 -7.1933e-11 8.4 1 0 0 
0.325 0.9 1 -5.85866e-11 8.1 1 0 0 
0.35 0.9 1 -4.8639e-11 7.8 1 0 0 
0.375 0.9 1 -4.20843e-11 7.5 1 0 0 
0.4 0.9 1 -3.89259e-11 7.2 1 0 0 
ZONE I=5, J=5
0.4 0.8 1 -6.51189e-11 7.2 1 0 0 
0.425 0.8 1 -5.93042e-11 6.9 1 0 0 
0.45 0.8 1 -5.38899e-11 6.6 1 0 0 
0.475 0.8 1 -4.88927e-11 6.3 1 0 0 
0.5 0.8 1 -4.42893e-11 6 1 0 0 
0.4 0.825 1 -5.857e-11 7.2 1 0 0 
0.425 0.825 1 -5.3074e-11 6.9 1 0 0 
0.45 0.825 1 -4.80422e-11 6.6 1 0 0 
0.475 0.825 1 -4.3484e-11 6.3 1 0 0 
0.5 0.825 1 -3.93937e-11 6 1 0 0 
0.4 0.85 1 -5.20224e-11 7.2 1 0 0 
0.425 0.85 1 -4.68425e-11 6.9 1 0 0 
0.45 0.85 1 -4.21944e-11 6.6 1 0 0 
0.475 0.85 1 -3.80792e-11 6.3 1 0 0 
0.5 0.85 1 -3.44968e-11 6 1 0 0 
0.4 0.875 1 -4.54747e-11 7.2 1 0 0 
0.425 0.875 1 -4.06127e-11 6.9 1 0 0 
0.45 0.875 1 -3.6349e-11 6.6 1 0 0 
0.475 0.875 1 -3.26755e-11 6.3 1 0 0 
0.5 0.875 1 -2.96e-11 6 1 0 0 
0.4 0.9 1 -3.89259e-11 7.2 1 0 0 
0.425 0.9 1 -3.43802e-11 6.9 1 0 0 
0.45 0.9 1 -3.05012e-11 6.6 1 0 0 
0.475 0.9 1 -2.72671e-11 6.3 1 0 0 
0.5 0.9 1 -2.47032e-11 6 1 0 0 
ZONE I=5, J=5
0.5 0.8 1 -4.42893e-11 6 1 0 0 
0.525 0.8 1 -4.02756e-11 5.7 1 0 0 
0.55 0.8 1 -3.65675e-11 5.4 1 0 0 
0.575 0.8 1 -3.31788e-11 5.1 1 0 0 
0.6 0.8 1 -3.00921e-11 4.8 1 0 0 
0.5 0.825 1 -3.93937e-11 6 1 0 0 
0.525 0.825 1 -3.57669e-11 5.7 1 0 0 
0.55 0.825 1 -3.24386e-11 5.4 1 0 0 
0.575 0.825 1 -2.93999e-11 5.1 1 0 0 
0.6 0.825 1 -2.66584e-11 4.8 1 0 0 
0.5 0.85 1 -3.44968e-11 6 1 0 0 
0.525 0.85 1 -3.12618e-11 5.7 1 0 0 
0.55 0.85 1 -2.83068e-11 5.4 1 0 0 
0.575 0.85 1 -2.56269e-11 5.1 1 0 0 
0.6 0.85 1 -2.32253e-11 4.8 1 0 0 
0.5 0.875 1 -2.96e-11 6 1 0 0 
0.525 0.875 1 -2.67564e-11 5.7 1 0 0 
0.55 0.875 1 -2.41762e-11 5.4 1 0 0 
0.575 0.875 1 -2.18527e-11 5.1 1 0 0 
0.6 0.875 1 -1.9791e-11 4.8 1 0 0 
0.5 0.9 1 -2.47032e-11 6 1 0 0 
0.525 0.9 1 -2.22557e-11 5.7 1 0 0 
0.55 0.9 1 -2.0042e-11 5.4 1 0 0 
0.575 0.9 1 -1.80821e-11 5.1 1 0 0 
0.6 0.9 1 -1.63591e-11 4.8 1 0 0 
ZONE I=5, J=5
0.6 0.8 1 -3.00921e-11 4.8 1 0 0 
0.625 0.8 1 -2.72716e-11 4.5 1 0 0 
0.65 0.8 1 -2.46357e-11 4.2 1 0 0 
0.675 0.8 1 -2.21898e-11 3.9 1 0 0 
0.7 0.8 1 -1.99278e-11 3.6 1 0 0 
0.6 0.825 1 -2.66584e-11 4.8 1 0 0 
0.625 0.825 1 -2.41436e-11 4.5 1 0 0 
0.65 0.825 1 -2.17995e-11 4.2 1 0 0 
0.675 0.825 1 -1.96262e-11 3.9 1 0 0 
0.7 0.825 1 -1.76215e-11 3.6 1 0 0 
0.6 0.85 1 -2.32253e-11 4.8 1 0 0 
0.625 0.85 1 -2.10144e-11 4.5 1 0 0 
0.65 0.85 1 -1.89596e-11 4.2 1 0 0 
0.675 0.85 1 -1.70601e-11 3.9 1 0 0 
0.7 0.85 1 -1.5314e-11 3.6 1 0 0 
0.6 0.875 1 -1.9791e-11 4.8 1 0 0 
0.625 0.875 1 -1.7886e-11 4.5 1 0 0 
0.65 0.875 1 -1.61198e-11 4.2 1 0 0 
0.675 0.875 1 -1.44951e-11 3.9 1 0 0 
0.7 0.875 1 -1.30077e-11 3.6 1 0 0 
0.6 0.9 1 -1.63591e-11 4.8 1 0 0 
0.625 0.9 1 -1.47624e-11 4.5 1 0 0 
0.65 0.9 1 -1.32824e-11 4.2 1 0 0 
0.675 0.9 1 -1.19253e-11 3.9 1 0 0 
0.7 0.9 1 -1.07008e-11 3.6 1 0 0 
ZONE I=5, J=5
0.7 0.8 1 -1.99278e-11 3.6 1 0 0 
0.725 0.8 1 -1.78212e-11 3.3 1 0 0 
0.75 0.8 1 -1.5822e-11 3 1 0 0 
0.775 0.8 1 -1.39367e-11 2.7 1 0 0 
0.8 0.8 1 -1.21598e-11 2.4 1 0 0 
0.7 0.825 1 -1.76215e-11 3.6 1 0 0 
0.725 0.825 1 -1.57521e-11 3.3 1 0 0 
0.75 0.825 1 -1.39817e-11 3 1 0 0 
0.775 0.825 1 -1.2314e-11 2.7 1 0 0 
0.8 0.825 1 -1.0744e-11 2.4 1 0 0 
0.7 0.85 1 -1.5314e-11 3.6 1 0 0 
0.725 0.85 1 -1.36842e-11 3.3 1 0 0 
0.75 0.85 1 -1.2142e-11 3 1 0 0 
0.775 0.85 1 -1.06895e-11 2.7 1 0 0 
0.8 0.85 1 -9.32587e-12 2.4 1 0 0 
0.7 0.875 1 -1.30065e-11 3.6 1 0 0 
0.725 0.875 1 -1.16158e-11 3.3 1 0 0 
0.75 0.875 1 -1.03011e-11 3 1 0 0 
0.775 0.875 1 -9.06534e-12 2.7 1 0 0 
0.8 0.875 1 -7.90775e-12 2.4 1 0 0 
0.7 0.9 1 -1.07008e-11 3.6 1 0 0 
0.725 0.9 1 -9.54599e-12 3.3 1 0 0 
0.75 0.9 1 -8.4602e-12 3 1 0 0 
0.775 0.9 1 -7.43849e-12 2.7 1 0 0 
0.8 0.9 1 -6.48844e-12 2.4 1 0 0 
ZONE I=5, J=5
0.8 0.8 1 -1.21598e-11 2.4 1 0 0 
0.825 0.8 1 -1.04769e-11 2.1 1 0 0 
0.85 0.8 1 -8.84566e-12 1.8 1 0 0 
0.875 0.8 1 -7.27981e-12 1.5 1 0 0 
0.9 0.8 1 -5.76428e-12 1.2 1 0 0 
0.8 0.825 1 -1.0744e-11 2.4 1 0 0 
0.825 0.825 1 -9.25187e-12 2.1 1 0 0 
0.85 0.825 1 -7.81183e-12 1.8 1 0 0 
0.875 0.825 1 -6.42538e-12 1.5 1 0 0 
0.9 0.825 1 -5.09193e-12 1.2 1 0 0 
0.8 0.85 1 -9.32587e-12 2.4 1 0 0 
0.825 0.85 1 -8.02963e-12 2.1 1 0 0 
0.85 0.85 1 -6.77828e-12 1.8 1 0 0 
0.875 0.85 1 -5.57487e-12 1.5 1 0 0 
0.9 0.85 1 -4.41765e-12 1.2 1 0 0 
0.8 0.875 1 -7.90775e-12 2.4 1 0 0 
0.825 0.875 1 -6.80663e-12 2.1 1 0 0 
0.85 0.875 1 -5.74533e-12 1.8 1 0 0 
0.875 0.875 1 -4.72407e-12 1.5 1 0 0 
0.9 0.875 1 -3.74338e-12 1.2 1 0 0 
0.8 0.9 1 -6.48844e-12 2.4 1 0 0 
0.825 0.9 1 -5.5825e-12 2.1 1 0 0 
0.85 0.9 1 -4.71149e-12 1.8 1 0 0 
0.875 0.9 1 -3.87616e-12 1.5 1 0 0 
0.9 0.9 1 -3.06895e-12 1.2 1 0 0 
ZONE I=5, J=5
0.9 0.8 1 -5.76487e-12 1.2 1 0 0 
0.925 0.8 1 -4.29345e-12 0.9 1 0 0 
0.95 0.8 1 -2.84543e-12 0.6 1 0 0 
0.975 0.8 1 -1.4091e-12 0.3 1 0 0 
1 0.8 1 -0 0 1 0 0 
0.9 0.825 1 -5.09193e-12 1.2 1 0 0 
0.925 0.825 1 -3.79341e-12 0.9 1 0 0 
0.95 0.825 1 -2.51206e-12 0.6 1 0 0 
0.975 0.825 1 -1.24969e-12 0.3 1 0 0 
1 0.825 1 -0 0 1 0 0 
0.9 0.85 1 -4.41765e-12 1.2 1 0 0 
0.925 0.85 1 -3.29144e-12 0.9 1 0 0 
0.95 0.85 1 -2.17989e-12 0.6 1 0 0 
0.975 0.85 1 -1.08373e-12 0.3 1 0 0 
1 0.85 1 -0 0 1 0 0 
0.9 0.875 1 -3.74308e-12 1.2 1 0 0 
0.925 0.875 1 -2.78947e-12 0.9 1 0 0 
0.95 0.875 1 -1.84771e-12 0.6 1 0 0 
0.975 0.875 1 -9.19857e-13 0.3 1 0 0 
1 0.875 1 -0 0 1 0 0 
0.9 0.9 1 -3.06895e-12 1.2 1 0 0 
0.925 0.9 1 -2.28543e-12 0.9 1 0 0 
0.95 0.9 1 -1.51553e-12 0.6 1 0 0 
0.975 0.9 1 -7.57172e-13 0.3 1 0 0 
1 0.9 1 -0 0 1 0 0 
ZONE I=5, J=5
0 0.9 1 1.2493e-08 12 1 0 0 
0.025 0.9 1 3.68436e-09 11.7 1 0 0 
0.05 0.9 1 -1.19802e-09 11.4 1 0 0 
0.075 0.9 1 -2.15411e-09 11.1 1 0 0 
0.1 0.9 1 8.16091e-10 10.8 1 0 0 
0 0.925 1 5.37331e-09 12 1 0 0 
0.025 0.925 1 1.36199e-09 11.7 1 0 0 
0.05 0.925 1 -8.21944e-10 11.4 1 0 0 
0.075 0.925 1 -1.17849e-09 11.1 1 0 0 
0.1 0.925 1 2.92341e-10 10.8 1 0 0 
0 0.95 1 -1.7464e-09 12 1 0 0 
0.025 0.95 1 -9.60374e-10 11.7 1 0 0 
0.05 0.95 1 -4.45868e-10 11.4 1 0 0 
0.075 0.95 1 -2.02879e-10 11.1 1 0 0 
0.1 0.95 1 -2.31408e-10 10.8 1 0 0 
0 0.975 1 -8.86611e-09 12 1 0 0 
0.025 0.975 1 -3.28274e-09 11.7 1 0 0 
0.05 0.975 1 -6.97919e-11 11.4 1 0 0 
0.075 0.975 1 7.72734e-10 11.1 1 0 0 
0.1 0.975 1 -7.5516e-10 10.8 1 0 0 
0 1 1 -1.59858e-08 12 1 0 0 
0.025 1 1 -5.6051e-09 11.7 1 0 0 
0.05 1 1 3.06291e-10 11.4 1 0 0 
0.075 1 1 1.74835e-09 11.1 1 0 0 
0.1 1 1 -1.27891e-09 10.8 1 0 0 
ZONE I=5, J=5
0.1 0.9 1 8.16087e-10 10.8 1 0 0 
0.125 0.9 1 1.28706e-10 10.5 1 0 0 
0.15 0.9 1 -2.41524e-10 10.2 1 0 0 
0.175 0.9 1 -2.94587e-10 9.9 1 0 0 
0.2 0.9 1 -3.0487e-11 9.6 1 0 0 
0.1 0.925 1 2.92341e-10 10.8 1 0 0 
0.125 0.925 1 -1.52725e-11 10.5 1 0 0 
0.15 0.925 1 -1.74756e-10 10.2 1 0 0 
0.175 0.925 1 -1.86113e-10 9.9 1 0 0 
0.2 0.925 1 -4.93401e-11 9.6 1 0 0 
0.1 0.95 1 -2.31408e-10 10.8 1 0 0 
0.125 0.95 1 -1.59244e-10 10.5 1 0 0 
0.15 0.95 1 -1.07988e-10 10.2 1 0 0 
0.175 0.95 1 -7.76392e-11 9.9 1 0 0 
0.2 0.95 1 -6.81979e-11 9.6 1 0 0 
0.1 0.975 1 -7.5516e-10 10.8 1 0 0 
0.125 0.975 1 -3.03218e-10 10.5 1 0 0 
0.15 0.975 1 -4.12186e-11 10.2 1 0 0 
0.175 0.975 1 3.08328e-11 9.9 1 0 0 
0.2 0.975 1 -8.70533e-11 9.6 1 0 0 
0.1 1 1 -1.27891e-09 10.8 1 0 0 
0.125 1 1 -4.47188e-10 10.5 1 0 0 
0.15 1 1 2.55464e-11 10.2 1 0 0 
0.175 1 1 1.3931e-10 9.9 1 0 0 
0.2 1 1 -1.05914e-10 9.6 1 0 0 
ZONE I=5, J=5
0.2 0.9 1 -3.0487e-11 9.6 1 0 0 
0.225 0.9 1 -7.25996e-11 9.3 1 0 0 
0.25 0.9 1 -9.08535e-11 9 1 0 0 
0.275 0.9 1 -8.52172e-11 8.7 1 0 0 
0.3 0.9 1 -5.57054e-11 8.4 1 0 0 
0.2 0.925 1 -4.93401e-11 9.6 1 0 0 
0.225 0.925 1 -6.38994e-11 9.3 1 0 0 
0.25 0.925 1 -6.78876e-11 9 1 0 0 
0.275 0.925 1 -6.12998e-11 8.7 1 0 0 
0.3 0.925 1 -4.41413e-11 8.4 1 0 0 
0.2 0.95 1 -6.81967e-11 9.6 1 0 0 
0.225 0.95 1 -5.51953e-11 9.3 1 0 0 
0.25 0.95 1 -4.49229e-11 9 1 0 0 
0.275 0.95 1 -3.73843e-11 8.7 1 0 0 
0.3 0.95 1 -3.25796e-11 8.4 1 0 0 
0.2 0.975 1 -8.70533e-11 9.6 1 0 0 
0.225 0.975 1 -4.64867e-11 9.3 1 0 0 
0.25 0.975 1 -2.19605e-11 9 1 0 0 
0.275 0.975 1 -1.3466e-11 8.7 1 0 0 
0.3 0.975 1 -2.10179e-11 8.4 1 0 0 
0.2 1 1 -1.05914e-10 9.6 1 0 0 
0.225 1 1 -3.77793e-11 9.3 1 0 0 
0.25 1 1 1.00423e-12 9 1 0 0 
0.275 1 1 1.04521e-11 8.7 1 0 0 
0.3 1 1 -9.45259e-12 8.4 1 0 0 
ZONE I=5, J=5
0.3 0.9 1 -5.57054e-11 8.4 1 0 0 
0.325 0.9 1 -5.2755e-11 8.1 1 0 0 
0.35 0.9 1 -4.86911e-11 7.8 1 0 0 
0.375 0.9 1 -4.34991e-11 7.5 1 0 0 
0.4 0.9 1 -3.71993e-11 7.2 1 0 0 
0.3 0.925 1 -4.41413e-11 8.4 1 0 0 
0.325 0.925 1 -4.04911e-11 8.1 1 0 0 
0.35 0.925 1 -3.66119e-11 7.8 1 0 0 
0.375 0.925 1 -3.25054e-11 7.5 1 0 0 
0.4 0.925 1 -2.81707e-11 7.2 1 0 0 
0.3 0.95 1 -3.25796e-11 8.4 1 0 0 
0.325 0.95 1 -2.82271e-11 8.1 1 0 0 
0.35 0.95 1 -2.4535e-11 7.8 1 0 0 
0.375 0.95 1 -2.15075e-11 7.5 1 0 0 
0.4 0.95 1 -1.9142e-11 7.2 1 0 0 
0.3 0.975 1 -2.10179e-11 8.4 1 0 0 
0.325 0.975 1 -1.59603e-11 8.1 1 0 0 
0.35 0.975 1 -1.24582e-11 7.8 1 0 0 
0.375 0.975 1 -1.05113e-11 7.5 1 0 0 
0.4 0.975 1 -1.0111e-11 7.2 1 0 0 
0.3 1 1 -9.45259e-12 8.4 1 0 0 
0.325 1 1 -3.69897e-12 8.1 1 0 0 
0.35 1 1 -3.81325e-13 7.8 1 0 0 
0.375 1 1 4.87906e-13 7.5 1 0 0 
0.4 1 1 -1.08239e-12 7.2 1 0 0 
ZONE I=5, J=5
0.4 0.9 1 -3.72016e-11 7.2 1 0 0 
0.425 0.9 1 -3.35785e-11 6.9 1 0 0 
0.45 0.9 1 -3.02289e-11 6.6 1 0 0 
0.475 0.9 1 -2.71632e-11 6.3 1 0 0 
0.5 0.9 1 -2.43639e-11 6 1 0 0 
0.4 0.925 1 -2.81707e-11 7.2 1 0 0 
0.425 0.925 1 -2.53221e-11 6.9 1 0 0 
0.45 0.925 1 -2.27303e-11 6.6 1 0 0 
0.475 0.925 1 -2.03985e-11 6.3 1 0 0 
0.5 0.925 1 -1.83296e-11 6 1 0 0 
0.4 0.95 1 -1.9142e-11 7.2 1 0 0 
0.425 0.95 1 -1.70661e-11 6.9 1 0 0 
0.45 0.95 1 -1.5234e-11 6.6 1 0 0 
0.475 0.95 1 -1.36409e-11 6.3 1 0 0 
0.5 0.95 1 -1.22948e-11 6 1 0 0 
0.4 0.975 1 -1.0111e-11 7.2 1 0 0 
0.425 0.975 1 -8.81088e-12 6.9 1 0 0 
0.45 0.975 1 -7.73544e-12 6.6 1 0 0 
0.475 0.975 1 -6.88457e-12 6.3 1 0 0 
0.5 0.975 1 -6.25988e-12 6 1 0 0 
0.4 1 1 -1.08239e-12 7.2 1 0 0 
0.425 1 1 -5.51559e-13 6.9 1 0 0 
0.45 1 1 -2.34479e-13 6.6 1 0 0 
0.475 1 1 -1.20792e-13 6.3 1 0 0 
0.5 1 1 -2.27374e-13 6 1 0 0 
ZONE I=5, J=5
0.5 0.9 1 -2.43639e-11 6 1 0 0 
0.525 0.9 1 -2.20209e-11 5.7 1 0 0 
0.55 0.9 1 -1.9881e-11 5.4 1 0 0 
0.575 0.9 1 -1.79388e-11 5.1 1 0 0 
0.6 0.9 1 -1.6198e-11 4.8 1 0 0 
0.5 0.925 1 -1.83296e-11 6 1 0 0 
0.525 0.925 1 -1.65541e-11 5.7 1 0 0 
0.55 0.925 1 -1.49392e-11 5.4 1 0 0 
0.575 0.925 1 -1.34784e-11 5.1 1 0 0 
0.6 0.925 1 -1.21728e-11 4.8 1 0 0 
0.5 0.95 1 -1.22948e-11 6 1 0 0 
0.525 0.95 1 -1.10892e-11 5.7 1 0 0 
0.55 0.95 1 -9.99793e-12 5.4 1 0 0 
0.575 0.95 1 -9.0162e-12 5.1 1 0 0 
0.6 0.95 1 -8.14756e-12 4.8 1 0 0 
0.5 0.975 1 -6.25988e-12 6 1 0 0 
0.525 0.975 1 -5.62424e-12 5.7 1 0 0 
0.55 0.975 1 -5.0567e-12 5.4 1 0 0 
0.575 0.975 1 -4.55458e-12 5.1 1 0 0 
0.6 0.975 1 -4.12233e-12 4.8 1 0 0 
0.5 1 1 -2.27374e-13 6 1 0 0 
0.525 1 1 -1.61056e-13 5.7 1 0 0 
0.55 1 1 -1.13687e-13 5.4 1 0 0 
0.575 1 1 -9.41469e-14 5.1 1 0 0 
0.6 1 1 -9.71075e-14 4.8 1 0 0 
ZONE I=5, J=5
0.6 0.9 1 -1.6198e-11 4.8 1 0 0 
0.625 0.9 1 -1.46335e-11 4.5 1 0 0 
0.65 0.9 1 -1.31829e-11 4.2 1 0 0 
0.675 0.9 1 -1.18416e-11 3.9 1 0 0 
0.7 0.9 1 -1.06137e-11 3.6 1 0 0 
0.6 0.925 1 -1.21728e-11 4.8 1 0 0 
0.625 0.925 1 -1.09929e-11 4.5 1 0 0 
0.65 0.925 1 -9.9026e-12 4.2 1 0 0 
0.675 0.925 1 -8.89526e-12 3.9 1 0 0 
0.7 0.925 1 -7.97229e-12 3.6 1 0 0 
0.6 0.95 1 -8.14756e-12 4.8 1 0 0 
0.625 0.95 1 -7.35382e-12 4.5 1 0 0 
0.65 0.95 1 -6.62048e-12 4.2 1 0 0 
0.675 0.95 1 -5.9468e-12 3.9 1 0 0 
0.7 0.95 1 -5.33144e-12 3.6 1 0 0 
0.6 0.975 1 -4.12233e-12 4.8 1 0 0 
0.625 0.975 1 -3.71259e-12 4.5 1 0 0 
0.65 0.975 1 -3.33955e-12 4.2 1 0 0 
0.675 0.975 1 -2.99819e-12 3.9 1 0 0 
0.7 0.975 1 -2.69059e-12 3.6 1 0 0 
0.6 1 1 -9.71075e-14 4.8 1 0 0 
0.625 1 1 -7.68274e-14 4.5 1 0 0 
0.65 1 1 -5.92119e-14 4.2 1 0 0 
0.675 1 1 -4.55932e-14 3.9 1 0 0 
0.7 1 1 -4.9738e-14 3.6 1 0 0 
ZONE I=5, J=5
0.7 0.9 1 -1.06137e-11 3.6 1 0 0 
0.725 0.9 1 -9.47487e-12 3.3 1 0 0 
0.75 0.9 1 -8.39713e-12 3 1 0 0 
0.775 0.9 1 -7.3858e-12 2.7 1 0 0 
0.8 0.9 1 -6.4387e-12 2.4 1 0 0 
0.7 0.925 1 -7.97229e-12 3.6 1 0 0 
0.725 0.925 1 -7.11646e-12 3.3 1 0 0 
0.75 0.925 1 -6.30725e-12 3 1 0 0 
0.775 0.925 1 -5.54815e-12 2.7 1 0 0 
0.8 0.925 1 -4.83761e-12 2.4 1 0 0 
0.7 0.95 1 -5.33144e-12 3.6 1 0 0 
0.725 0.95 1 -4.7586e-12 3.3 1 0 0 
0.75 0.95 1 -4.21766e-12 3 1 0 0 
0.775 0.95 1 -3.70992e-12 2.7 1 0 0 
0.8 0.95 1 -3.23445e-12 2.4 1 0 0 
0.7 0.975 1 -2.69059e-12 3.6 1 0 0 
0.725 0.975 1 -2.40171e-12 3.3 1 0 0 
0.75 0.975 1 -2.12748e-12 3 1 0 0 
0.775 0.975 1 -1.87169e-12 2.7 1 0 0 
0.8 0.975 1 -1.63129e-12 2.4 1 0 0 
0.7 1 1 -4.9738e-14 3.6 1 0 0 
0.725 1 1 -4.32247e-14 3.3 1 0 0 
0.75 1 1 -3.78956e-14 3 1 0 0 
0.775 1 1 -2.93099e-14 2.7 1 0 0 
0.8 1 1 -2.72375e-14 2.4 1 0 0 
ZONE I=5, J=5
0.8 0.9 1 -6.43752e-12 2.4 1 0 0 
0.825 0.9 1 -5.54475e-12 2.1 1 0 0 
0.85 0.9 1 -4.67715e-12 1.8 1 0 0 
0.875 0.9 1 -3.84729e-12 1.5 1 0 0 
0.9 0.9 1 -3.04468e-12 1.2 1 0 0 
0.8 0.925 1 -4.83761e-12 2.4 1 0 0 
0.825 0.925 1 -4.1632e-12 2.1 1 0 0 
0.85 0.925 1 -3.51245e-12 1.8 1 0 0 
0.875 0.925 1 -2.88762e-12 1.5 1 0 0 
0.9 0.925 1 -2.28795e-12 1.2 1 0 0 
0.8 0.95 1 -3.23445e-12 2.4 1 0 0 
0.825 0.95 1 -2.78372e-12 2.1 1 0 0 
0.85 0.95 1 -2.34864e-12 1.8 1 0 0 
0.875 0.95 1 -1.93105e-12 1.5 1 0 0 
0.9 0.95 1 -1.52989e-12 1.2 1 0 0 
0.8 0.975 1 -1.63129e-12 2.4 1 0 0 
0.825 0.975 1 -1.40428e-12 2.1 1 0 0 
0.85 0.975 1 -1.18424e-12 1.8 1 0 0 
0.875 0.975 1 -9.7374e-13 1.5 1 0 0 
0.9 0.975 1 -7.71531e-13 1.2 1 0 0 
0.8 1 1 -2.72375e-14 2.4 1 0 0 
0.825 1 1 -2.30926e-14 2.1 1 0 0 
0.85 1 1 -2.07242e-14 1.8 1 0 0 
0.875 1 1 -1.93919e-14 1.5 1 0 0 
0.9 1 1 -1.30266e-14 1.2 1 0 0 
ZONE I=5, J=5
0.9 0.9 1 -3.04527e-12 1.2 1 0 0 
0.925 0.9 1 -2.26537e-12 0.9 1 0 0 
0.95 0.9 1 -1.50198e-12 0.6 1 0 0 
0.975 0.9 1 -7.41111e-13 0.3 1 0 0 
1 0.9 1 -0 0 1 0 0 
0.9 0.925 1 -2.28795e-12 1.2 1 0 0 
0.925 0.925 1 -1.70382e-12 0.9 1 0 0 
0.95 0.925 1 -1.12784e-12 0.6 1 0 0 
0.975 0.925 1 -5.62087e-13 0.3 1 0 0 
1 0.925 1 -0 0 1 0 0 
0.9 0.95 1 -1.52989e-12 1.2 1 0 0 
0.925 0.95 1 -1.13998e-12 0.9 1 0 0 
0.95 0.95 1 -7.54952e-13 0.6 1 0 0 
0.975 0.95 1 -3.7607e-13 0.3 1 0 0 
1 0.95 1 -0 0 1 0 0 
0.9 0.975 1 -7.71531e-13 1.2 1 0 0 
0.925 0.975 1 -5.75688e-13 0.9 1 0 0 
0.95 0.975 1 -3.82213e-13 0.6 1 0 0 
0.975 0.975 1 -1.92291e-13 0.3 1 0 0 
1 0.975 1 -0 0 1 0 0 
0.9 1 1 -1.30266e-14 1.2 1 0 0 
0.925 1 1 -9.4739e-15 0.9 1 0 0 
0.95 1 1 -9.17784e-15 0.6 1 0 0 
0.975 1 1 -9.62193e-15 0.3 1 0 0 
1 1 1 -0 0 1 0 0 
